#1
# Typical meterological year Source: DOE/ASHRAE2015
double	default(8760, 2) # Time [s], DNI [W/m2], from IWEC file (EnergyPlus weather files, published in eere.energy.gov
0	0
3600	0
7200	0
10800	0
14400	0
18000	0
21600	0
25200	0
28800	0
32400	0
36000	0
39600	0
43200	0
46800	0
50400	0
54000	0
57600	0
61200	0
64800	0
68400	0
72000	0
75600	0
79200	0
82800	0
86400	0
90000	0
93600	0
97200	0
100800	0
104400	0
108000	0
111600	0
115200	0
118800	34
122400	135
126000	135
129600	47
133200	31
136800	3
140400	0
144000	0
147600	0
151200	0
154800	0
158400	0
162000	0
165600	0
169200	0
172800	0
176400	0
180000	0
183600	0
187200	0
190800	0
194400	0
198000	0
201600	0
205200	0
208800	137
212400	316
216000	289
219600	256
223200	73
226800	8
230400	0
234000	0
237600	0
241200	0
244800	0
248400	0
252000	0
255600	0
259200	0
262800	0
266400	0
270000	0
273600	0
277200	0
280800	0
284400	0
288000	0
291600	24
295200	45
298800	352
302400	330
306000	90
309600	5
313200	0
316800	0
320400	0
324000	0
327600	0
331200	0
334800	0
338400	0
342000	0
345600	0
349200	0
352800	0
356400	0
360000	0
363600	0
367200	0
370800	0
374400	0
378000	0
381600	0
385200	37
388800	53
392400	0
396000	0
399600	0
403200	0
406800	0
410400	0
414000	0
417600	0
421200	0
424800	0
428400	0
432000	0
435600	0
439200	0
442800	0
446400	0
450000	0
453600	0
457200	0
460800	0
464400	0
468000	0
471600	0
475200	0
478800	0
482400	0
486000	0
489600	0
493200	0
496800	0
500400	0
504000	0
507600	0
511200	0
514800	0
518400	0
522000	0
525600	0
529200	0
532800	0
536400	0
540000	0
543600	0
547200	0
550800	0
554400	0
558000	0
561600	0
565200	0
568800	0
572400	0
576000	0
579600	0
583200	0
586800	0
590400	0
594000	0
597600	0
601200	0
604800	0
608400	0
612000	0
615600	0
619200	0
622800	0
626400	0
630000	0
633600	0
637200	0
640800	0
644400	0
648000	0
651600	0
655200	0
658800	0
662400	0
666000	0
669600	0
673200	0
676800	0
680400	0
684000	0
687600	0
691200	0
694800	0
698400	0
702000	0
705600	0
709200	0
712800	0
716400	0
720000	0
723600	0
727200	0
730800	0
734400	0
738000	0
741600	0
745200	0
748800	0
752400	0
756000	0
759600	0
763200	0
766800	0
770400	0
774000	0
777600	0
781200	0
784800	0
788400	0
792000	0
795600	0
799200	0
802800	0
806400	0
810000	0
813600	12
817200	363
820800	332
824400	202
828000	218
831600	5
835200	0
838800	0
842400	0
846000	0
849600	0
853200	0
856800	0
860400	0
864000	0
867600	0
871200	0
874800	0
878400	0
882000	0
885600	0
889200	0
892800	0
896400	0
900000	0
903600	0
907200	0
910800	0
914400	0
918000	0
921600	0
925200	0
928800	0
932400	0
936000	0
939600	0
943200	0
946800	0
950400	0
954000	0
957600	0
961200	0
964800	0
968400	0
972000	0
975600	0
979200	0
982800	0
986400	0
990000	49
993600	0
997200	0
1000800	0
1004400	0
1008000	0
1011600	0
1015200	0
1018800	0
1022400	0
1026000	0
1029600	0
1033200	0
1036800	0
1040400	0
1044000	0
1047600	0
1051200	0
1054800	0
1058400	0
1062000	0
1065600	0
1069200	0
1072800	0
1076400	0
1080000	0
1083600	0
1087200	0
1090800	0
1094400	0
1098000	0
1101600	0
1105200	0
1108800	0
1112400	0
1116000	0
1119600	0
1123200	0
1126800	0
1130400	0
1134000	0
1137600	0
1141200	0
1144800	0
1148400	0
1152000	0
1155600	53
1159200	23
1162800	0
1166400	0
1170000	0
1173600	0
1177200	0
1180800	0
1184400	0
1188000	0
1191600	0
1195200	0
1198800	0
1202400	0
1206000	0
1209600	0
1213200	0
1216800	0
1220400	0
1224000	0
1227600	0
1231200	0
1234800	0
1238400	0
1242000	3
1245600	263
1249200	373
1252800	140
1256400	0
1260000	0
1263600	0
1267200	0
1270800	0
1274400	0
1278000	0
1281600	0
1285200	0
1288800	0
1292400	0
1296000	0
1299600	0
1303200	0
1306800	0
1310400	0
1314000	0
1317600	0
1321200	0
1324800	0
1328400	30
1332000	0
1335600	0
1339200	181
1342800	45
1346400	0
1350000	0
1353600	0
1357200	0
1360800	0
1364400	0
1368000	0
1371600	0
1375200	0
1378800	0
1382400	0
1386000	0
1389600	0
1393200	0
1396800	0
1400400	0
1404000	0
1407600	0
1411200	0
1414800	0
1418400	26
1422000	114
1425600	54
1429200	114
1432800	0
1436400	0
1440000	0
1443600	0
1447200	0
1450800	0
1454400	0
1458000	0
1461600	0
1465200	0
1468800	0
1472400	0
1476000	0
1479600	0
1483200	0
1486800	0
1490400	0
1494000	0
1497600	0
1501200	68
1504800	296
1508400	440
1512000	399
1515600	267
1519200	221
1522800	0
1526400	0
1530000	0
1533600	0
1537200	0
1540800	0
1544400	0
1548000	0
1551600	0
1555200	0
1558800	0
1562400	0
1566000	0
1569600	0
1573200	0
1576800	0
1580400	0
1584000	0
1587600	0
1591200	0
1594800	0
1598400	0
1602000	134
1605600	27
1609200	0
1612800	0
1616400	0
1620000	0
1623600	0
1627200	0
1630800	0
1634400	0
1638000	0
1641600	0
1645200	0
1648800	0
1652400	0
1656000	0
1659600	0
1663200	0
1666800	0
1670400	0
1674000	0
1677600	0
1681200	0
1684800	0
1688400	0
1692000	0
1695600	0
1699200	0
1702800	0
1706400	0
1710000	0
1713600	0
1717200	0
1720800	0
1724400	0
1728000	0
1731600	0
1735200	0
1738800	0
1742400	0
1746000	0
1749600	0
1753200	0
1756800	0
1760400	258
1764000	280
1767600	284
1771200	130
1774800	0
1778400	0
1782000	0
1785600	0
1789200	0
1792800	0
1796400	0
1800000	0
1803600	0
1807200	0
1810800	0
1814400	0
1818000	0
1821600	0
1825200	0
1828800	0
1832400	0
1836000	0
1839600	0
1843200	0
1846800	0
1850400	0
1854000	143
1857600	2
1861200	276
1864800	38
1868400	0
1872000	0
1875600	0
1879200	0
1882800	0
1886400	0
1890000	0
1893600	0
1897200	0
1900800	0
1904400	0
1908000	0
1911600	0
1915200	0
1918800	0
1922400	0
1926000	0
1929600	0
1933200	0
1936800	0
1940400	0
1944000	0
1947600	0
1951200	0
1954800	0
1958400	0
1962000	0
1965600	0
1969200	0
1972800	0
1976400	0
1980000	0
1983600	0
1987200	0
1990800	0
1994400	0
1998000	0
2001600	0
2005200	0
2008800	0
2012400	0
2016000	0
2019600	0
2023200	0
2026800	0
2030400	2
2034000	230
2037600	49
2041200	0
2044800	0
2048400	0
2052000	0
2055600	0
2059200	0
2062800	0
2066400	0
2070000	0
2073600	0
2077200	0
2080800	0
2084400	0
2088000	0
2091600	0
2095200	0
2098800	0
2102400	0
2106000	0
2109600	0
2113200	0
2116800	201
2120400	0
2124000	35
2127600	52
2131200	0
2134800	0
2138400	0
2142000	0
2145600	0
2149200	0
2152800	0
2156400	0
2160000	0
2163600	0
2167200	0
2170800	0
2174400	0
2178000	0
2181600	0
2185200	0
2188800	0
2192400	0
2196000	0
2199600	1
2203200	61
2206800	129
2210400	208
2214000	51
2217600	0
2221200	0
2224800	0
2228400	0
2232000	0
2235600	0
2239200	0
2242800	0
2246400	0
2250000	0
2253600	0
2257200	0
2260800	0
2264400	0
2268000	0
2271600	0
2275200	0
2278800	0
2282400	0
2286000	1
2289600	4
2293200	0
2296800	0
2300400	0
2304000	0
2307600	0
2311200	0
2314800	0
2318400	0
2322000	0
2325600	0
2329200	0
2332800	0
2336400	0
2340000	0
2343600	0
2347200	0
2350800	0
2354400	0
2358000	0
2361600	0
2365200	0
2368800	0
2372400	276
2376000	370
2379600	304
2383200	277
2386800	113
2390400	0
2394000	0
2397600	0
2401200	0
2404800	0
2408400	0
2412000	0
2415600	0
2419200	0
2422800	0
2426400	0
2430000	0
2433600	0
2437200	0
2440800	0
2444400	0
2448000	0
2451600	0
2455200	0
2458800	1
2462400	4
2466000	68
2469600	236
2473200	3
2476800	0
2480400	0
2484000	0
2487600	0
2491200	0
2494800	0
2498400	0
2502000	0
2505600	0
2509200	0
2512800	0
2516400	0
2520000	0
2523600	0
2527200	0
2530800	0
2534400	0
2538000	0
2541600	0
2545200	2
2548800	4
2552400	0
2556000	0
2559600	0
2563200	0
2566800	0
2570400	0
2574000	0
2577600	0
2581200	0
2584800	0
2588400	0
2592000	0
2595600	0
2599200	0
2602800	0
2606400	0
2610000	0
2613600	0
2617200	0
2620800	0
2624400	0
2628000	0
2631600	0
2635200	0
2638800	0
2642400	0
2646000	0
2649600	0
2653200	0
2656800	0
2660400	0
2664000	0
2667600	0
2671200	0
2674800	0
2678400	0
2682000	0
2685600	0
2689200	0
2692800	0
2696400	0
2700000	0
2703600	0
2707200	0
2710800	67
2714400	495
2718000	608
2721600	673
2725200	618
2728800	298
2732400	206
2736000	0
2739600	0
2743200	0
2746800	0
2750400	0
2754000	0
2757600	0
2761200	0
2764800	0
2768400	0
2772000	0
2775600	0
2779200	0
2782800	0
2786400	0
2790000	0
2793600	0
2797200	69
2800800	502
2804400	645
2808000	669
2811600	642
2815200	567
2818800	354
2822400	15
2826000	0
2829600	0
2833200	0
2836800	0
2840400	0
2844000	0
2847600	0
2851200	0
2854800	0
2858400	0
2862000	0
2865600	0
2869200	0
2872800	0
2876400	0
2880000	0
2883600	75
2887200	540
2890800	653
2894400	670
2898000	643
2901600	569
2905200	324
2908800	0
2912400	0
2916000	0
2919600	0
2923200	0
2926800	0
2930400	0
2934000	0
2937600	0
2941200	0
2944800	0
2948400	0
2952000	0
2955600	0
2959200	0
2962800	0
2966400	0
2970000	0
2973600	0
2977200	0
2980800	0
2984400	0
2988000	0
2991600	0
2995200	0
2998800	0
3002400	0
3006000	0
3009600	0
3013200	0
3016800	0
3020400	0
3024000	0
3027600	0
3031200	0
3034800	0
3038400	0
3042000	0
3045600	0
3049200	0
3052800	0
3056400	0
3060000	0
3063600	0
3067200	0
3070800	0
3074400	0
3078000	0
3081600	0
3085200	0
3088800	0
3092400	0
3096000	0
3099600	0
3103200	0
3106800	0
3110400	0
3114000	0
3117600	0
3121200	0
3124800	0
3128400	0
3132000	0
3135600	0
3139200	0
3142800	0
3146400	0
3150000	0
3153600	0
3157200	0
3160800	0
3164400	0
3168000	0
3171600	0
3175200	0
3178800	0
3182400	0
3186000	0
3189600	0
3193200	0
3196800	0
3200400	0
3204000	0
3207600	0
3211200	0
3214800	0
3218400	0
3222000	0
3225600	0
3229200	213
3232800	536
3236400	71
3240000	8
3243600	87
3247200	372
3250800	398
3254400	90
3258000	0
3261600	0
3265200	0
3268800	0
3272400	0
3276000	0
3279600	0
3283200	0
3286800	0
3290400	0
3294000	0
3297600	0
3301200	0
3304800	0
3308400	0
3312000	0
3315600	0
3319200	0
3322800	0
3326400	0
3330000	0
3333600	0
3337200	0
3340800	0
3344400	0
3348000	0
3351600	0
3355200	0
3358800	0
3362400	0
3366000	0
3369600	0
3373200	0
3376800	0
3380400	0
3384000	0
3387600	0
3391200	0
3394800	0
3398400	0
3402000	0
3405600	0
3409200	0
3412800	0
3416400	0
3420000	0
3423600	0
3427200	0
3430800	0
3434400	0
3438000	0
3441600	0
3445200	0
3448800	0
3452400	0
3456000	0
3459600	0
3463200	0
3466800	0
3470400	0
3474000	0
3477600	0
3481200	0
3484800	0
3488400	0
3492000	0
3495600	0
3499200	0
3502800	33
3506400	6
3510000	0
3513600	0
3517200	0
3520800	0
3524400	0
3528000	0
3531600	0
3535200	0
3538800	0
3542400	0
3546000	0
3549600	0
3553200	0
3556800	0
3560400	0
3564000	0
3567600	0
3571200	0
3574800	0
3578400	4
3582000	17
3585600	122
3589200	76
3592800	76
3596400	40
3600000	11
3603600	0
3607200	0
3610800	0
3614400	0
3618000	0
3621600	0
3625200	0
3628800	0
3632400	0
3636000	0
3639600	0
3643200	0
3646800	0
3650400	0
3654000	0
3657600	0
3661200	0
3664800	0
3668400	0
3672000	0
3675600	0
3679200	7
3682800	0
3686400	0
3690000	0
3693600	0
3697200	0
3700800	0
3704400	0
3708000	0
3711600	0
3715200	0
3718800	0
3722400	0
3726000	0
3729600	0
3733200	0
3736800	0
3740400	0
3744000	0
3747600	0
3751200	4
3754800	17
3758400	20
3762000	18
3765600	9
3769200	0
3772800	0
3776400	0
3780000	0
3783600	0
3787200	0
3790800	0
3794400	0
3798000	0
3801600	0
3805200	0
3808800	0
3812400	0
3816000	0
3819600	0
3823200	0
3826800	0
3830400	0
3834000	0
3837600	4
3841200	8
3844800	20
3848400	18
3852000	8
3855600	0
3859200	0
3862800	0
3866400	0
3870000	0
3873600	0
3877200	0
3880800	0
3884400	0
3888000	0
3891600	0
3895200	0
3898800	0
3902400	0
3906000	0
3909600	0
3913200	0
3916800	0
3920400	0
3924000	5
3927600	8
3931200	9
3934800	8
3938400	11
3942000	0
3945600	0
3949200	0
3952800	0
3956400	0
3960000	0
3963600	0
3967200	0
3970800	0
3974400	0
3978000	0
3981600	0
3985200	0
3988800	0
3992400	0
3996000	0
3999600	0
4003200	0
4006800	0
4010400	0
4014000	0
4017600	0
4021200	0
4024800	0
4028400	0
4032000	0
4035600	0
4039200	0
4042800	0
4046400	0
4050000	0
4053600	0
4057200	0
4060800	0
4064400	0
4068000	0
4071600	0
4075200	0
4078800	0
4082400	0
4086000	0
4089600	0
4093200	0
4096800	79
4100400	20
4104000	10
4107600	9
4111200	12
4114800	0
4118400	0
4122000	0
4125600	0
4129200	0
4132800	0
4136400	0
4140000	0
4143600	0
4147200	0
4150800	0
4154400	0
4158000	0
4161600	0
4165200	0
4168800	0
4172400	0
4176000	0
4179600	0
4183200	6
4186800	9
4190400	10
4194000	9
4197600	12
4201200	0
4204800	0
4208400	0
4212000	0
4215600	0
4219200	0
4222800	0
4226400	0
4230000	0
4233600	0
4237200	0
4240800	0
4244400	0
4248000	0
4251600	0
4255200	0
4258800	0
4262400	32
4266000	46
4269600	72
4273200	114
4276800	119
4280400	246
4284000	506
4287600	495
4291200	193
4294800	0
4298400	0
4302000	0
4305600	0
4309200	0
4312800	0
4316400	0
4320000	0
4323600	0
4327200	0
4330800	0
4334400	0
4338000	0
4341600	0
4345200	0
4348800	0
4352400	0
4356000	211
4359600	563
4363200	748
4366800	730
4370400	596
4374000	463
4377600	185
4381200	0
4384800	0
4388400	0
4392000	0
4395600	0
4399200	0
4402800	0
4406400	0
4410000	0
4413600	0
4417200	0
4420800	0
4424400	0
4428000	0
4431600	0
4435200	41
4438800	0
4442400	22
4446000	10
4449600	112
4453200	479
4456800	345
4460400	71
4464000	0
4467600	0
4471200	0
4474800	0
4478400	0
4482000	0
4485600	0
4489200	0
4492800	0
4496400	0
4500000	0
4503600	0
4507200	0
4510800	0
4514400	0
4518000	0
4521600	0
4525200	0
4528800	0
4532400	12
4536000	10
4539600	103
4543200	325
4546800	411
4550400	61
4554000	0
4557600	0
4561200	0
4564800	0
4568400	0
4572000	0
4575600	0
4579200	0
4582800	0
4586400	0
4590000	0
4593600	0
4597200	0
4600800	0
4604400	0
4608000	48
4611600	407
4615200	580
4618800	732
4622400	772
4626000	745
4629600	674
4633200	525
4636800	231
4640400	0
4644000	0
4647600	0
4651200	0
4654800	0
4658400	0
4662000	0
4665600	0
4669200	0
4672800	0
4676400	0
4680000	0
4683600	0
4687200	0
4690800	0
4694400	44
4698000	58
4701600	471
4705200	668
4708800	605
4712400	247
4716000	212
4719600	290
4723200	83
4726800	0
4730400	0
4734000	0
4737600	0
4741200	0
4744800	0
4748400	0
4752000	0
4755600	0
4759200	0
4762800	0
4766400	0
4770000	0
4773600	0
4777200	0
4780800	56
4784400	134
4788000	211
4791600	234
4795200	530
4798800	132
4802400	19
4806000	170
4809600	52
4813200	0
4816800	0
4820400	0
4824000	0
4827600	0
4831200	0
4834800	0
4838400	0
4842000	0
4845600	0
4849200	0
4852800	0
4856400	0
4860000	0
4863600	0
4867200	43
4870800	324
4874400	225
4878000	233
4881600	110
4885200	118
4888800	19
4892400	5
4896000	20
4899600	0
4903200	0
4906800	0
4910400	0
4914000	0
4917600	0
4921200	0
4924800	0
4928400	0
4932000	0
4935600	0
4939200	0
4942800	0
4946400	0
4950000	0
4953600	0
4957200	0
4960800	0
4964400	0
4968000	0
4971600	0
4975200	0
4978800	0
4982400	0
4986000	0
4989600	0
4993200	0
4996800	0
5000400	0
5004000	0
5007600	0
5011200	0
5014800	0
5018400	0
5022000	0
5025600	0
5029200	0
5032800	0
5036400	0
5040000	0
5043600	0
5047200	0
5050800	0
5054400	0
5058000	0
5061600	0
5065200	0
5068800	0
5072400	0
5076000	0
5079600	0
5083200	0
5086800	0
5090400	0
5094000	0
5097600	0
5101200	0
5104800	0
5108400	0
5112000	0
5115600	0
5119200	0
5122800	0
5126400	0
5130000	0
5133600	0
5137200	0
5140800	0
5144400	0
5148000	121
5151600	319
5155200	236
5158800	0
5162400	0
5166000	0
5169600	0
5173200	0
5176800	0
5180400	0
5184000	0
5187600	0
5191200	0
5194800	0
5198400	0
5202000	0
5205600	0
5209200	0
5212800	0
5216400	3
5220000	0
5223600	0
5227200	0
5230800	0
5234400	124
5238000	96
5241600	0
5245200	0
5248800	0
5252400	0
5256000	0
5259600	0
5263200	0
5266800	0
5270400	0
5274000	0
5277600	0
5281200	0
5284800	0
5288400	0
5292000	0
5295600	0
5299200	0
5302800	0
5306400	0
5310000	0
5313600	0
5317200	0
5320800	0
5324400	0
5328000	0
5331600	0
5335200	0
5338800	0
5342400	0
5346000	0
5349600	0
5353200	0
5356800	0
5360400	0
5364000	0
5367600	0
5371200	0
5374800	0
5378400	0
5382000	0
5385600	0
5389200	0
5392800	0
5396400	0
5400000	0
5403600	0
5407200	0
5410800	0
5414400	188
5418000	0
5421600	0
5425200	0
5428800	0
5432400	0
5436000	0
5439600	0
5443200	0
5446800	0
5450400	0
5454000	0
5457600	0
5461200	0
5464800	0
5468400	0
5472000	0
5475600	3
5479200	96
5482800	247
5486400	237
5490000	234
5493600	347
5497200	453
5500800	239
5504400	0
5508000	0
5511600	0
5515200	0
5518800	0
5522400	0
5526000	0
5529600	0
5533200	0
5536800	0
5540400	0
5544000	0
5547600	0
5551200	0
5554800	0
5558400	0
5562000	5
5565600	9
5569200	105
5572800	496
5576400	656
5580000	700
5583600	567
5587200	308
5590800	21
5594400	0
5598000	0
5601600	0
5605200	0
5608800	0
5612400	0
5616000	0
5619600	0
5623200	0
5626800	0
5630400	0
5634000	0
5637600	0
5641200	25
5644800	218
5648400	549
5652000	701
5655600	773
5659200	791
5662800	776
5666400	720
5670000	576
5673600	319
5677200	30
5680800	0
5684400	0
5688000	0
5691600	0
5695200	0
5698800	0
5702400	0
5706000	0
5709600	0
5713200	0
5716800	0
5720400	0
5724000	0
5727600	24
5731200	223
5734800	507
5738400	699
5742000	768
5745600	783
5749200	767
5752800	711
5756400	569
5760000	317
5763600	27
5767200	0
5770800	0
5774400	0
5778000	0
5781600	0
5785200	0
5788800	0
5792400	0
5796000	0
5799600	0
5803200	0
5806800	0
5810400	0
5814000	0
5817600	0
5821200	5
5824800	178
5828400	667
5832000	66
5835600	25
5839200	21
5842800	11
5846400	0
5850000	0
5853600	0
5857200	0
5860800	0
5864400	0
5868000	0
5871600	0
5875200	0
5878800	0
5882400	0
5886000	0
5889600	0
5893200	0
5896800	0
5900400	13
5904000	0
5907600	15
5911200	21
5914800	26
5918400	26
5922000	0
5925600	0
5929200	0
5932800	0
5936400	0
5940000	0
5943600	0
5947200	0
5950800	0
5954400	0
5958000	0
5961600	0
5965200	0
5968800	0
5972400	0
5976000	0
5979600	0
5983200	0
5986800	0
5990400	0
5994000	0
5997600	0
6001200	0
6004800	55
6008400	107
6012000	110
6015600	173
6019200	96
6022800	8
6026400	0
6030000	0
6033600	0
6037200	0
6040800	0
6044400	0
6048000	0
6051600	0
6055200	0
6058800	0
6062400	0
6066000	0
6069600	0
6073200	0
6076800	37
6080400	0
6084000	0
6087600	0
6091200	0
6094800	0
6098400	0
6102000	0
6105600	0
6109200	0
6112800	0
6116400	0
6120000	0
6123600	0
6127200	0
6130800	0
6134400	0
6138000	0
6141600	0
6145200	0
6148800	0
6152400	0
6156000	0
6159600	0
6163200	283
6166800	26
6170400	10
6174000	107
6177600	120
6181200	118
6184800	22
6188400	99
6192000	0
6195600	0
6199200	0
6202800	0
6206400	0
6210000	0
6213600	0
6217200	0
6220800	0
6224400	0
6228000	0
6231600	0
6235200	0
6238800	0
6242400	0
6246000	1
6249600	0
6253200	7
6256800	22
6260400	129
6264000	86
6267600	26
6271200	0
6274800	0
6278400	0
6282000	0
6285600	0
6289200	0
6292800	0
6296400	0
6300000	0
6303600	0
6307200	0
6310800	0
6314400	0
6318000	0
6321600	0
6325200	0
6328800	0
6332400	0
6336000	0
6339600	0
6343200	46
6346800	130
6350400	86
6354000	84
6357600	110
6361200	78
6364800	60
6368400	0
6372000	0
6375600	0
6379200	0
6382800	0
6386400	0
6390000	0
6393600	0
6397200	0
6400800	0
6404400	0
6408000	0
6411600	0
6415200	0
6418800	0
6422400	0
6426000	0
6429600	0
6433200	54
6436800	131
6440400	283
6444000	422
6447600	102
6451200	105
6454800	56
6458400	0
6462000	0
6465600	0
6469200	0
6472800	0
6476400	0
6480000	0
6483600	0
6487200	0
6490800	0
6494400	0
6498000	0
6501600	0
6505200	0
6508800	0
6512400	123
6516000	276
6519600	130
6523200	288
6526800	266
6530400	47
6534000	14
6537600	0
6541200	0
6544800	0
6548400	0
6552000	0
6555600	0
6559200	0
6562800	0
6566400	0
6570000	0
6573600	0
6577200	0
6580800	0
6584400	0
6588000	0
6591600	0
6595200	0
6598800	103
6602400	95
6606000	282
6609600	324
6613200	267
6616800	251
6620400	171
6624000	106
6627600	48
6631200	0
6634800	0
6638400	0
6642000	0
6645600	0
6649200	0
6652800	0
6656400	0
6660000	0
6663600	0
6667200	0
6670800	0
6674400	0
6678000	102
6681600	419
6685200	576
6688800	718
6692400	432
6696000	287
6699600	131
6703200	80
6706800	15
6710400	0
6714000	0
6717600	0
6721200	0
6724800	0
6728400	0
6732000	0
6735600	0
6739200	0
6742800	0
6746400	0
6750000	0
6753600	0
6757200	0
6760800	0
6764400	0
6768000	0
6771600	22
6775200	0
6778800	0
6782400	0
6786000	0
6789600	0
6793200	0
6796800	0
6800400	0
6804000	0
6807600	0
6811200	0
6814800	0
6818400	0
6822000	0
6825600	0
6829200	0
6832800	0
6836400	0
6840000	0
6843600	0
6847200	0
6850800	183
6854400	104
6858000	34
6861600	144
6865200	639
6868800	445
6872400	599
6876000	512
6879600	496
6883200	351
6886800	103
6890400	0
6894000	0
6897600	0
6901200	0
6904800	0
6908400	0
6912000	0
6915600	0
6919200	0
6922800	0
6926400	0
6930000	0
6933600	0
6937200	0
6940800	0
6944400	0
6948000	0
6951600	0
6955200	0
6958800	32
6962400	24
6966000	16
6969600	0
6973200	0
6976800	0
6980400	0
6984000	0
6987600	0
6991200	0
6994800	0
6998400	0
7002000	0
7005600	0
7009200	0
7012800	0
7016400	0
7020000	0
7023600	43
7027200	448
7030800	601
7034400	733
7038000	797
7041600	168
7045200	424
7048800	570
7052400	624
7056000	444
7059600	125
7063200	0
7066800	0
7070400	0
7074000	0
7077600	0
7081200	0
7084800	0
7088400	0
7092000	0
7095600	0
7099200	0
7102800	0
7106400	0
7110000	29
7113600	346
7117200	231
7120800	555
7124400	689
7128000	763
7131600	601
7135200	133
7138800	82
7142400	72
7146000	48
7149600	0
7153200	0
7156800	0
7160400	0
7164000	0
7167600	0
7171200	0
7174800	0
7178400	0
7182000	0
7185600	0
7189200	0
7192800	0
7196400	38
7200000	145
7203600	239
7207200	126
7210800	14
7214400	15
7218000	38
7221600	24
7225200	17
7228800	172
7232400	0
7236000	0
7239600	0
7243200	0
7246800	0
7250400	0
7254000	0
7257600	0
7261200	0
7264800	0
7268400	0
7272000	0
7275600	0
7279200	0
7282800	0
7286400	0
7290000	38
7293600	194
7297200	463
7300800	609
7304400	738
7308000	689
7311600	116
7315200	75
7318800	0
7322400	0
7326000	0
7329600	0
7333200	0
7336800	0
7340400	0
7344000	0
7347600	0
7351200	0
7354800	0
7358400	0
7362000	0
7365600	0
7369200	167
7372800	356
7376400	572
7380000	687
7383600	637
7387200	668
7390800	660
7394400	271
7398000	90
7401600	48
7405200	2
7408800	0
7412400	0
7416000	0
7419600	0
7423200	0
7426800	0
7430400	0
7434000	0
7437600	0
7441200	0
7444800	0
7448400	0
7452000	0
7455600	30
7459200	73
7462800	86
7466400	273
7470000	322
7473600	34
7477200	38
7480800	25
7484400	18
7488000	1
7491600	0
7495200	0
7498800	0
7502400	0
7506000	0
7509600	0
7513200	0
7516800	0
7520400	0
7524000	0
7527600	0
7531200	0
7534800	0
7538400	0
7542000	0
7545600	2
7549200	10
7552800	127
7556400	157
7560000	15
7563600	39
7567200	25
7570800	19
7574400	2
7578000	0
7581600	0
7585200	0
7588800	0
7592400	0
7596000	0
7599600	0
7603200	0
7606800	0
7610400	0
7614000	0
7617600	0
7621200	0
7624800	0
7628400	150
7632000	0
7635600	0
7639200	0
7642800	33
7646400	16
7650000	39
7653600	11
7657200	8
7660800	2
7664400	0
7668000	0
7671600	0
7675200	0
7678800	0
7682400	0
7686000	0
7689600	0
7693200	0
7696800	0
7700400	0
7704000	0
7707600	0
7711200	0
7714800	177
7718400	424
7722000	609
7725600	751
7729200	828
7732800	838
7736400	824
7740000	766
7743600	664
7747200	430
7750800	189
7754400	0
7758000	0
7761600	0
7765200	0
7768800	0
7772400	0
7776000	0
7779600	0
7783200	0
7786800	0
7790400	0
7794000	0
7797600	0
7801200	182
7804800	424
7808400	602
7812000	720
7815600	824
7819200	833
7822800	821
7826400	762
7830000	662
7833600	401
7837200	194
7840800	0
7844400	0
7848000	0
7851600	0
7855200	0
7858800	0
7862400	0
7866000	0
7869600	0
7873200	0
7876800	0
7880400	0
7884000	0
7887600	213
7891200	492
7894800	652
7898400	757
7902000	813
7905600	818
7909200	805
7912800	749
7916400	657
7920000	466
7923600	230
7927200	0
7930800	0
7934400	0
7938000	0
7941600	0
7945200	0
7948800	0
7952400	0
7956000	0
7959600	0
7963200	0
7966800	0
7970400	0
7974000	0
7977600	0
7981200	0
7984800	31
7988400	0
7992000	34
7995600	273
7999200	306
8002800	387
8006400	468
8010000	240
8013600	0
8017200	0
8020800	0
8024400	0
8028000	0
8031600	0
8035200	0
8038800	0
8042400	0
8046000	0
8049600	0
8053200	0
8056800	9
8060400	287
8064000	22
8067600	135
8071200	596
8074800	658
8078400	667
8082000	660
8085600	637
8089200	659
8092800	473
8096400	154
8100000	0
8103600	0
8107200	0
8110800	0
8114400	0
8118000	0
8121600	0
8125200	0
8128800	0
8132400	0
8136000	0
8139600	0
8143200	5
8146800	199
8150400	468
8154000	405
8157600	454
8161200	301
8164800	329
8168400	325
8172000	135
8175600	72
8179200	168
8182800	55
8186400	0
8190000	0
8193600	0
8197200	0
8200800	0
8204400	0
8208000	0
8211600	0
8215200	0
8218800	0
8222400	0
8226000	0
8229600	0
8233200	33
8236800	196
8240400	109
8244000	150
8247600	155
8251200	285
8254800	33
8258400	35
8262000	0
8265600	7
8269200	0
8272800	0
8276400	0
8280000	0
8283600	0
8287200	0
8290800	0
8294400	0
8298000	0
8301600	0
8305200	0
8308800	0
8312400	0
8316000	0
8319600	0
8323200	0
8326800	0
8330400	0
8334000	33
8337600	0
8341200	0
8344800	0
8348400	0
8352000	0
8355600	0
8359200	0
8362800	0
8366400	0
8370000	0
8373600	0
8377200	0
8380800	0
8384400	0
8388000	0
8391600	0
8395200	0
8398800	0
8402400	0
8406000	0
8409600	0
8413200	127
8416800	5
8420400	16
8424000	16
8427600	82
8431200	89
8434800	333
8438400	319
8442000	73
8445600	0
8449200	0
8452800	0
8456400	0
8460000	0
8463600	0
8467200	0
8470800	0
8474400	0
8478000	0
8481600	0
8485200	0
8488800	39
8492400	276
8496000	76
8499600	122
8503200	14
8506800	40
8510400	81
8514000	246
8517600	258
8521200	13
8524800	185
8528400	65
8532000	0
8535600	0
8539200	0
8542800	0
8546400	0
8550000	0
8553600	0
8557200	0
8560800	0
8564400	0
8568000	0
8571600	0
8575200	0
8578800	0
8582400	103
8586000	93
8589600	240
8593200	326
8596800	81
8600400	514
8604000	238
8607600	397
8611200	151
8614800	0
8618400	0
8622000	0
8625600	0
8629200	0
8632800	0
8636400	0
8640000	0
8643600	0
8647200	0
8650800	0
8654400	0
8658000	0
8661600	0
8665200	0
8668800	7
8672400	223
8676000	31
8679600	16
8683200	82
8686800	246
8690400	78
8694000	103
8697600	0
8701200	13
8704800	0
8708400	0
8712000	0
8715600	0
8719200	0
8722800	0
8726400	0
8730000	0
8733600	0
8737200	0
8740800	0
8744400	0
8748000	0
8751600	0
8755200	96
8758800	23
8762400	38
8766000	81
8769600	249
8773200	80
8776800	150
8780400	240
8784000	146
8787600	0
8791200	0
8794800	0
8798400	0
8802000	0
8805600	0
8809200	0
8812800	0
8816400	0
8820000	0
8823600	0
8827200	0
8830800	0
8834400	0
8838000	0
8841600	8
8845200	228
8848800	317
8852400	328
8856000	279
8859600	406
8863200	241
8866800	349
8870400	413
8874000	233
8877600	0
8881200	0
8884800	0
8888400	0
8892000	0
8895600	0
8899200	0
8902800	0
8906400	0
8910000	0
8913600	0
8917200	0
8920800	69
8924400	302
8928000	453
8931600	598
8935200	666
8938800	398
8942400	554
8946000	680
8949600	645
8953200	686
8956800	432
8960400	256
8964000	17
8967600	0
8971200	0
8974800	0
8978400	0
8982000	0
8985600	0
8989200	0
8992800	0
8996400	0
9000000	0
9003600	0
9007200	72
9010800	247
9014400	454
9018000	434
9021600	292
9025200	325
9028800	35
9032400	39
9036000	36
9039600	22
9043200	5
9046800	87
9050400	0
9054000	0
9057600	0
9061200	0
9064800	0
9068400	0
9072000	0
9075600	0
9079200	0
9082800	0
9086400	0
9090000	0
9093600	0
9097200	0
9100800	0
9104400	49
9108000	38
9111600	1
9115200	0
9118800	34
9122400	37
9126000	178
9129600	27
9133200	0
9136800	0
9140400	0
9144000	0
9147600	0
9151200	0
9154800	0
9158400	0
9162000	0
9165600	0
9169200	0
9172800	0
9176400	0
9180000	46
9183600	43
9187200	16
9190800	230
9194400	138
9198000	156
9201600	15
9205200	40
9208800	37
9212400	10
9216000	268
9219600	318
9223200	31
9226800	0
9230400	0
9234000	0
9237600	0
9241200	0
9244800	0
9248400	0
9252000	0
9255600	0
9259200	0
9262800	0
9266400	136
9270000	274
9273600	121
9277200	348
9280800	155
9284400	587
9288000	799
9291600	790
9295200	759
9298800	464
9302400	389
9306000	252
9309600	28
9313200	0
9316800	0
9320400	0
9324000	0
9327600	0
9331200	0
9334800	0
9338400	0
9342000	0
9345600	0
9349200	0
9352800	0
9356400	53
9360000	215
9363600	29
9367200	269
9370800	587
9374400	670
9378000	660
9381600	274
9385200	114
9388800	69
9392400	21
9396000	0
9399600	0
9403200	0
9406800	0
9410400	0
9414000	0
9417600	0
9421200	0
9424800	0
9428400	0
9432000	0
9435600	0
9439200	0
9442800	1
9446400	24
9450000	13
9453600	78
9457200	157
9460800	157
9464400	15
9468000	37
9471600	23
9475200	6
9478800	0
9482400	0
9486000	0
9489600	0
9493200	0
9496800	0
9500400	0
9504000	0
9507600	0
9511200	0
9514800	0
9518400	0
9522000	0
9525600	0
9529200	1
9532800	9
9536400	33
9540000	38
9543600	40
9547200	40
9550800	40
9554400	37
9558000	23
9561600	6
9565200	0
9568800	0
9572400	0
9576000	0
9579600	0
9583200	0
9586800	0
9590400	0
9594000	0
9597600	0
9601200	0
9604800	0
9608400	0
9612000	157
9615600	406
9619200	598
9622800	725
9626400	775
9630000	826
9633600	550
9637200	705
9640800	755
9644400	464
9648000	364
9651600	97
9655200	26
9658800	0
9662400	0
9666000	0
9669600	0
9673200	0
9676800	0
9680400	0
9684000	0
9687600	0
9691200	0
9694800	0
9698400	149
9702000	381
9705600	219
9709200	130
9712800	15
9716400	41
9720000	41
9723600	80
9727200	14
9730800	0
9734400	0
9738000	0
9741600	0
9745200	0
9748800	0
9752400	0
9756000	0
9759600	0
9763200	0
9766800	0
9770400	0
9774000	0
9777600	0
9781200	0
9784800	0
9788400	0
9792000	0
9795600	0
9799200	0
9802800	1
9806400	35
9810000	39
9813600	37
9817200	23
9820800	7
9824400	0
9828000	0
9831600	0
9835200	0
9838800	0
9842400	0
9846000	0
9849600	0
9853200	0
9856800	0
9860400	0
9864000	0
9867600	0
9871200	97
9874800	334
9878400	546
9882000	678
9885600	277
9889200	466
9892800	527
9896400	283
9900000	454
9903600	253
9907200	153
9910800	0
9914400	0
9918000	0
9921600	0
9925200	0
9928800	0
9932400	0
9936000	0
9939600	0
9943200	0
9946800	0
9950400	0
9954000	0
9957600	0
9961200	1
9964800	104
9968400	262
9972000	520
9975600	709
9979200	806
9982800	821
9986400	801
9990000	704
9993600	415
9997200	288
10000800	65
10004400	0
10008000	0
10011600	0
10015200	0
10018800	0
10022400	0
10026000	0
10029600	0
10033200	0
10036800	0
10040400	0
10044000	152
10047600	418
10051200	606
10054800	735
10058400	735
10062000	841
10065600	847
10069200	837
10072800	808
10076400	666
10080000	463
10083600	353
10087200	69
10090800	0
10094400	0
10098000	0
10101600	0
10105200	0
10108800	0
10112400	0
10116000	0
10119600	0
10123200	0
10126800	0
10130400	0
10134000	1
10137600	0
10141200	0
10144800	33
10148400	272
10152000	304
10155600	321
10159200	311
10162800	410
10166400	354
10170000	228
10173600	0
10177200	0
10180800	0
10184400	0
10188000	0
10191600	0
10195200	0
10198800	0
10202400	0
10206000	0
10209600	0
10213200	0
10216800	0
10220400	0
10224000	0
10227600	0
10231200	0
10234800	1
10238400	39
10242000	40
10245600	135
10249200	218
10252800	30
10256400	32
10260000	0
10263600	0
10267200	0
10270800	0
10274400	0
10278000	0
10281600	0
10285200	0
10288800	0
10292400	0
10296000	0
10299600	0
10303200	221
10306800	238
10310400	87
10314000	85
10317600	89
10321200	155
10324800	327
10328400	80
10332000	500
10335600	141
10339200	0
10342800	0
10346400	0
10350000	0
10353600	0
10357200	0
10360800	0
10364400	0
10368000	0
10371600	0
10375200	0
10378800	0
10382400	0
10386000	0
10389600	172
10393200	244
10396800	102
10400400	13
10404000	38
10407600	158
10411200	17
10414800	137
10418400	272
10422000	225
10425600	203
10429200	22
10432800	26
10436400	0
10440000	0
10443600	0
10447200	0
10450800	0
10454400	0
10458000	0
10461600	0
10465200	0
10468800	0
10472400	0
10476000	0
10479600	2
10483200	10
10486800	35
10490400	39
10494000	12
10497600	12
10501200	40
10504800	37
10508400	32
10512000	7
10515600	0
10519200	0
10522800	0
10526400	0
10530000	0
10533600	0
10537200	0
10540800	0
10544400	0
10548000	0
10551600	0
10555200	0
10558800	0
10562400	0
10566000	2
10569600	238
10573200	348
10576800	160
10580400	104
10584000	17
10587600	40
10591200	37
10594800	32
10598400	7
10602000	229
10605600	68
10609200	0
10612800	0
10616400	0
10620000	0
10623600	0
10627200	0
10630800	0
10634400	0
10638000	0
10641600	0
10645200	0
10648800	0
10652400	2
10656000	10
10659600	34
10663200	38
10666800	12
10670400	1
10674000	1
10677600	0
10681200	0
10684800	0
10688400	0
10692000	0
10695600	0
10699200	0
10702800	0
10706400	0
10710000	0
10713600	0
10717200	0
10720800	0
10724400	0
10728000	0
10731600	0
10735200	0
10738800	0
10742400	0
10746000	0
10749600	0
10753200	38
10756800	12
10760400	39
10764000	37
10767600	120
10771200	362
10774800	365
10778400	99
10782000	0
10785600	0
10789200	0
10792800	0
10796400	0
10800000	0
10803600	0
10807200	0
10810800	0
10814400	0
10818000	0
10821600	136
10825200	346
10828800	565
10832400	729
10836000	778
10839600	817
10843200	599
10846800	310
10850400	32
10854000	31
10857600	90
10861200	269
10864800	102
10868400	0
10872000	0
10875600	0
10879200	0
10882800	0
10886400	0
10890000	0
10893600	0
10897200	0
10900800	0
10904400	0
10908000	78
10911600	7
10915200	100
10918800	13
10922400	37
10926000	12
10929600	12
10933200	12
10936800	36
10940400	31
10944000	8
10947600	0
10951200	0
10954800	0
10958400	0
10962000	0
10965600	0
10969200	0
10972800	0
10976400	0
10980000	0
10983600	0
10987200	0
10990800	0
10994400	0
10998000	2
11001600	10
11005200	34
11008800	38
11012400	12
11016000	12
11019600	365
11023200	149
11026800	0
11030400	0
11034000	96
11037600	23
11041200	0
11044800	0
11048400	0
11052000	0
11055600	0
11059200	0
11062800	0
11066400	0
11070000	0
11073600	0
11077200	0
11080800	0
11084400	0
11088000	0
11091600	0
11095200	32
11098800	154
11102400	100
11106000	16
11109600	128
11113200	130
11116800	14
11120400	0
11124000	0
11127600	0
11131200	0
11134800	0
11138400	0
11142000	0
11145600	0
11149200	0
11152800	0
11156400	0
11160000	0
11163600	0
11167200	0
11170800	2
11174400	10
11178000	34
11181600	37
11185200	12
11188800	12
11192400	12
11196000	36
11199600	31
11203200	8
11206800	0
11210400	0
11214000	0
11217600	0
11221200	0
11224800	0
11228400	0
11232000	0
11235600	0
11239200	0
11242800	0
11246400	0
11250000	0
11253600	190
11257200	73
11260800	80
11264400	386
11268000	574
11271600	311
11275200	293
11278800	290
11282400	295
11286000	392
11289600	195
11293200	297
11296800	91
11300400	0
11304000	0
11307600	0
11311200	0
11314800	0
11318400	0
11322000	0
11325600	0
11329200	0
11332800	0
11336400	0
11340000	0
11343600	2
11347200	103
11350800	13
11354400	425
11358000	173
11361600	101
11365200	100
11368800	264
11372400	119
11376000	197
11379600	123
11383200	0
11386800	0
11390400	0
11394000	0
11397600	0
11401200	0
11404800	0
11408400	0
11412000	0
11415600	0
11419200	0
11422800	0
11426400	0
11430000	2
11433600	10
11437200	123
11440800	14
11444400	12
11448000	152
11451600	98
11455200	259
11458800	271
11462400	90
11466000	12
11469600	0
11473200	0
11476800	0
11480400	0
11484000	0
11487600	0
11491200	0
11494800	0
11498400	0
11502000	0
11505600	0
11509200	0
11512800	74
11516400	391
11520000	607
11523600	716
11527200	780
11530800	815
11534400	811
11538000	724
11541600	696
11545200	516
11548800	515
11552400	363
11556000	115
11559600	0
11563200	0
11566800	0
11570400	0
11574000	0
11577600	0
11581200	0
11584800	0
11588400	0
11592000	0
11595600	0
11599200	210
11602800	357
11606400	554
11610000	606
11613600	461
11617200	588
11620800	640
11624400	723
11628000	426
11631600	397
11635200	448
11638800	3
11642400	0
11646000	0
11649600	0
11653200	0
11656800	0
11660400	0
11664000	0
11667600	0
11671200	0
11674800	0
11678400	0
11682000	52
11685600	222
11689200	461
11692800	622
11696400	734
11700000	788
11703600	813
11707200	814
11710800	804
11714400	772
11718000	650
11721600	540
11725200	358
11728800	125
11732400	0
11736000	0
11739600	0
11743200	0
11746800	0
11750400	0
11754000	0
11757600	0
11761200	0
11764800	0
11768400	79
11772000	256
11775600	371
11779200	485
11782800	564
11786400	621
11790000	635
11793600	311
11797200	291
11800800	298
11804400	277
11808000	336
11811600	203
11815200	157
11818800	0
11822400	0
11826000	0
11829600	0
11833200	0
11836800	0
11840400	0
11844000	0
11847600	0
11851200	0
11854800	0
11858400	26
11862000	3
11865600	7
11869200	35
11872800	12
11876400	152
11880000	16
11883600	151
11887200	413
11890800	543
11894400	465
11898000	382
11901600	139
11905200	0
11908800	0
11912400	0
11916000	0
11919600	0
11923200	0
11926800	0
11930400	0
11934000	0
11937600	0
11941200	0
11944800	12
11948400	73
11952000	123
11955600	394
11959200	275
11962800	292
11966400	292
11970000	287
11973600	445
11977200	541
11980800	465
11984400	385
11988000	143
11991600	0
11995200	0
11998800	0
12002400	0
12006000	0
12009600	0
12013200	0
12016800	0
12020400	0
12024000	0
12027600	94
12031200	182
12034800	365
12038400	584
12042000	708
12045600	725
12049200	743
12052800	617
12056400	626
12060000	614
12063600	541
12067200	468
12070800	301
12074400	5
12078000	0
12081600	0
12085200	0
12088800	0
12092400	0
12096000	0
12099600	0
12103200	0
12106800	0
12110400	0
12114000	110
12117600	286
12121200	459
12124800	619
12128400	721
12132000	786
12135600	807
12139200	759
12142800	587
12146400	613
12150000	664
12153600	440
12157200	223
12160800	96
12164400	0
12168000	0
12171600	0
12175200	0
12178800	0
12182400	0
12186000	0
12189600	0
12193200	0
12196800	0
12200400	104
12204000	290
12207600	396
12211200	556
12214800	667
12218400	618
12222000	681
12225600	759
12229200	808
12232800	754
12236400	663
12240000	42
12243600	2
12247200	0
12250800	0
12254400	0
12258000	0
12261600	0
12265200	0
12268800	0
12272400	0
12276000	0
12279600	0
12283200	0
12286800	0
12290400	0
12294000	0
12297600	0
12301200	0
12304800	1
12308400	1
12312000	1
12315600	1
12319200	1
12322800	0
12326400	0
12330000	4
12333600	0
12337200	0
12340800	0
12344400	0
12348000	0
12351600	0
12355200	0
12358800	0
12362400	0
12366000	0
12369600	0
12373200	0
12376800	105
12380400	11
12384000	8
12387600	35
12391200	12
12394800	12
12398400	153
12402000	307
12405600	127
12409200	368
12412800	352
12416400	211
12420000	0
12423600	0
12427200	0
12430800	0
12434400	0
12438000	0
12441600	0
12445200	0
12448800	0
12452400	0
12456000	0
12459600	27
12463200	229
12466800	364
12470400	492
12474000	433
12477600	288
12481200	250
12484800	465
12488400	409
12492000	478
12495600	397
12499200	349
12502800	385
12506400	108
12510000	0
12513600	0
12517200	0
12520800	0
12524400	0
12528000	0
12531600	0
12535200	0
12538800	0
12542400	0
12546000	71
12549600	292
12553200	451
12556800	640
12560400	716
12564000	797
12567600	812
12571200	738
12574800	730
12578400	701
12582000	637
12585600	589
12589200	398
12592800	160
12596400	0
12600000	0
12603600	0
12607200	0
12610800	0
12614400	0
12618000	0
12621600	0
12625200	0
12628800	0
12632400	92
12636000	283
12639600	452
12643200	646
12646800	732
12650400	799
12654000	817
12657600	824
12661200	816
12664800	750
12668400	692
12672000	553
12675600	305
12679200	108
12682800	0
12686400	0
12690000	0
12693600	0
12697200	0
12700800	0
12704400	0
12708000	0
12711600	0
12715200	0
12718800	0
12722400	33
12726000	7
12729600	11
12733200	17
12736800	26
12740400	27
12744000	27
12747600	27
12751200	18
12754800	16
12758400	6
12762000	3
12765600	0
12769200	0
12772800	0
12776400	0
12780000	0
12783600	0
12787200	0
12790800	0
12794400	0
12798000	0
12801600	0
12805200	0
12808800	0
12812400	6
12816000	8
12819600	35
12823200	12
12826800	12
12830400	290
12834000	500
12837600	560
12841200	143
12844800	74
12848400	244
12852000	110
12855600	0
12859200	0
12862800	0
12866400	0
12870000	0
12873600	0
12877200	0
12880800	0
12884400	0
12888000	0
12891600	73
12895200	304
12898800	403
12902400	507
12906000	567
12909600	629
12913200	694
12916800	620
12920400	729
12924000	727
12927600	657
12931200	456
12934800	70
12938400	67
12942000	0
12945600	0
12949200	0
12952800	0
12956400	0
12960000	0
12963600	0
12967200	0
12970800	0
12974400	0
12978000	72
12981600	279
12985200	424
12988800	494
12992400	252
12996000	63
12999600	27
13003200	162
13006800	302
13010400	538
13014000	656
13017600	560
13021200	401
13024800	168
13028400	10
13032000	0
13035600	0
13039200	0
13042800	0
13046400	0
13050000	0
13053600	0
13057200	0
13060800	0
13064400	71
13068000	283
13071600	437
13075200	629
13078800	711
13082400	768
13086000	728
13089600	451
13093200	190
13096800	110
13100400	101
13104000	349
13107600	381
13111200	184
13114800	3
13118400	0
13122000	0
13125600	0
13129200	0
13132800	0
13136400	0
13140000	0
13143600	0
13147200	0
13150800	85
13154400	264
13158000	468
13161600	618
13165200	704
13168800	759
13172400	795
13176000	800
13179600	796
13183200	743
13186800	674
13190400	574
13194000	409
13197600	190
13201200	5
13204800	0
13208400	0
13212000	0
13215600	0
13219200	0
13222800	0
13226400	0
13230000	0
13233600	0
13237200	88
13240800	266
13244400	429
13248000	619
13251600	700
13255200	754
13258800	792
13262400	847
13266000	787
13269600	674
13273200	683
13276800	603
13280400	432
13284000	198
13287600	12
13291200	0
13294800	0
13298400	0
13302000	0
13305600	0
13309200	0
13312800	0
13316400	0
13320000	0
13323600	60
13327200	243
13330800	280
13334400	447
13338000	595
13341600	617
13345200	690
13348800	780
13352400	789
13356000	738
13359600	672
13363200	529
13366800	290
13370400	145
13374000	0
13377600	0
13381200	0
13384800	0
13388400	0
13392000	0
13395600	0
13399200	0
13402800	0
13406400	0
13410000	45
13413600	252
13417200	337
13420800	453
13424400	643
13428000	617
13431600	646
13435200	647
13438800	666
13442400	720
13446000	680
13449600	573
13453200	424
13456800	199
13460400	6
13464000	0
13467600	0
13471200	0
13474800	0
13478400	0
13482000	0
13485600	0
13489200	0
13492800	0
13496400	0
13500000	0
13503600	218
13507200	608
13510800	697
13514400	763
13518000	723
13521600	598
13525200	268
13528800	546
13532400	663
13536000	634
13539600	402
13543200	192
13546800	7
13550400	0
13554000	0
13557600	0
13561200	0
13564800	0
13568400	0
13572000	0
13575600	0
13579200	0
13582800	0
13586400	0
13590000	0
13593600	92
13597200	3
13600800	2
13604400	189
13608000	135
13611600	18
13615200	25
13618800	16
13622400	11
13626000	43
13629600	0
13633200	0
13636800	0
13640400	0
13644000	0
13647600	0
13651200	0
13654800	0
13658400	0
13662000	0
13665600	0
13669200	0
13672800	226
13676400	421
13680000	612
13683600	50
13687200	26
13690800	26
13694400	3
13698000	62
13701600	151
13705200	502
13708800	504
13712400	409
13716000	193
13719600	15
13723200	0
13726800	0
13730400	0
13734000	0
13737600	0
13741200	0
13744800	0
13748400	0
13752000	0
13755600	0
13759200	0
13762800	3
13766400	7
13770000	33
13773600	11
13777200	12
13780800	284
13784400	488
13788000	157
13791600	240
13795200	35
13798800	264
13802400	126
13806000	0
13809600	0
13813200	0
13816800	0
13820400	0
13824000	0
13827600	0
13831200	0
13834800	0
13838400	0
13842000	0
13845600	0
13849200	21
13852800	7
13856400	34
13860000	144
13863600	16
13867200	286
13870800	36
13874400	11
13878000	485
13881600	433
13885200	366
13888800	152
13892400	10
13896000	0
13899600	0
13903200	0
13906800	0
13910400	0
13914000	0
13917600	0
13921200	0
13924800	0
13928400	0
13932000	0
13935600	3
13939200	7
13942800	33
13946400	11
13950000	12
13953600	12
13957200	11
13960800	2
13964400	0
13968000	0
13971600	0
13975200	0
13978800	0
13982400	0
13986000	0
13989600	0
13993200	0
13996800	0
14000400	0
14004000	0
14007600	0
14011200	0
14014800	0
14018400	94
14022000	10
14025600	102
14029200	361
14032800	261
14036400	279
14040000	158
14043600	94
14047200	15
14050800	108
14054400	355
14058000	64
14061600	64
14065200	0
14068800	0
14072400	0
14076000	0
14079600	0
14083200	0
14086800	0
14090400	0
14094000	0
14097600	0
14101200	0
14104800	0
14108400	0
14112000	23
14115600	33
14119200	11
14122800	12
14126400	12
14130000	12
14133600	11
14137200	32
14140800	9
14144400	3
14148000	0
14151600	0
14155200	0
14158800	0
14162400	0
14166000	0
14169600	0
14173200	0
14176800	0
14180400	0
14184000	0
14187600	73
14191200	280
14194800	438
14198400	595
14202000	673
14205600	593
14209200	447
14212800	466
14216400	461
14220000	289
14223600	386
14227200	193
14230800	129
14234400	9
14238000	0
14241600	0
14245200	0
14248800	0
14252400	0
14256000	0
14259600	0
14263200	0
14266800	0
14270400	0
14274000	0
14277600	0
14281200	3
14284800	258
14288400	389
14292000	558
14295600	445
14299200	303
14302800	147
14306400	92
14310000	241
14313600	151
14317200	356
14320800	146
14324400	7
14328000	0
14331600	0
14335200	0
14338800	0
14342400	0
14346000	0
14349600	0
14353200	0
14356800	0
14360400	0
14364000	0
14367600	3
14371200	7
14374800	34
14378400	11
14382000	12
14385600	12
14389200	12
14392800	11
14396400	32
14400000	91
14403600	6
14407200	0
14410800	0
14414400	0
14418000	0
14421600	0
14425200	0
14428800	0
14432400	0
14436000	0
14439600	0
14443200	0
14446800	0
14450400	0
14454000	3
14457600	7
14461200	34
14464800	11
14468400	1
14472000	1
14475600	37
14479200	11
14482800	32
14486400	9
14490000	61
14493600	67
14497200	5
14500800	0
14504400	0
14508000	0
14511600	0
14515200	0
14518800	0
14522400	0
14526000	0
14529600	0
14533200	64
14536800	0
14540400	3
14544000	105
14547600	381
14551200	162
14554800	16
14558400	149
14562000	95
14565600	15
14569200	32
14572800	9
14576400	0
14580000	0
14583600	0
14587200	0
14590800	0
14594400	0
14598000	0
14601600	0
14605200	0
14608800	0
14612400	0
14616000	0
14619600	0
14623200	0
14626800	73
14630400	15
14634000	17
14637600	26
14641200	27
14644800	157
14648400	18
14652000	25
14655600	16
14659200	91
14662800	5
14666400	0
14670000	0
14673600	0
14677200	0
14680800	0
14684400	0
14688000	0
14691600	0
14695200	0
14698800	0
14702400	0
14706000	0
14709600	0
14713200	0
14716800	0
14720400	42
14724000	26
14727600	27
14731200	269
14734800	156
14738400	130
14742000	102
14745600	87
14749200	5
14752800	117
14756400	8
14760000	0
14763600	0
14767200	0
14770800	0
14774400	0
14778000	0
14781600	0
14785200	0
14788800	0
14792400	0
14796000	19
14799600	0
14803200	0
14806800	28
14810400	11
14814000	12
14817600	12
14821200	12
14824800	11
14828400	32
14832000	6
14835600	3
14839200	163
14842800	0
14846400	0
14850000	0
14853600	0
14857200	0
14860800	0
14864400	0
14868000	0
14871600	0
14875200	0
14878800	47
14882400	171
14886000	148
14889600	83
14893200	13
14896800	347
14900400	458
14904000	458
14907600	295
14911200	139
14914800	352
14918400	112
14922000	6
14925600	0
14929200	0
14932800	0
14936400	0
14940000	0
14943600	0
14947200	0
14950800	0
14954400	0
14958000	0
14961600	0
14965200	0
14968800	0
14972400	0
14976000	33
14979600	16
14983200	25
14986800	27
14990400	27
14994000	403
14997600	447
15001200	132
15004800	86
15008400	34
15012000	0
15015600	0
15019200	0
15022800	0
15026400	0
15030000	0
15033600	0
15037200	0
15040800	0
15044400	0
15048000	0
15051600	0
15055200	0
15058800	6
15062400	11
15066000	157
15069600	437
15073200	355
15076800	282
15080400	238
15084000	230
15087600	372
15091200	336
15094800	209
15098400	147
15102000	26
15105600	0
15109200	0
15112800	0
15116400	0
15120000	0
15123600	0
15127200	0
15130800	0
15134400	0
15138000	64
15141600	0
15145200	0
15148800	0
15152400	1
15156000	2
15159600	3
15163200	3
15166800	62
15170400	255
15174000	215
15177600	185
15181200	44
15184800	10
15188400	0
15192000	0
15195600	0
15199200	0
15202800	0
15206400	0
15210000	0
15213600	0
15217200	0
15220800	0
15224400	0
15228000	0
15231600	0
15235200	0
15238800	1
15242400	2
15246000	186
15249600	497
15253200	482
15256800	476
15260400	99
15264000	380
15267600	326
15271200	188
15274800	12
15278400	0
15282000	0
15285600	0
15289200	0
15292800	0
15296400	0
15300000	0
15303600	0
15307200	0
15310800	0
15314400	0
15318000	6
15321600	11
15325200	16
15328800	25
15332400	345
15336000	392
15339600	48
15343200	25
15346800	16
15350400	12
15354000	4
15357600	0
15361200	0
15364800	0
15368400	0
15372000	0
15375600	0
15379200	0
15382800	0
15386400	0
15390000	0
15393600	0
15397200	0
15400800	100
15404400	0
15408000	0
15411600	1
15415200	183
15418800	18
15422400	264
15426000	153
15429600	417
15433200	47
15436800	9
15440400	4
15444000	1
15447600	0
15451200	0
15454800	0
15458400	0
15462000	0
15465600	0
15469200	0
15472800	0
15476400	0
15480000	0
15483600	0
15487200	0
15490800	8
15494400	10
15498000	16
15501600	150
15505200	134
15508800	3
15512400	1
15516000	59
15519600	16
15523200	355
15526800	309
15530400	113
15534000	0
15537600	0
15541200	0
15544800	0
15548400	0
15552000	0
15555600	0
15559200	0
15562800	0
15566400	0
15570000	0
15573600	0
15577200	6
15580800	190
15584400	220
15588000	266
15591600	239
15595200	241
15598800	275
15602400	264
15606000	260
15609600	223
15613200	127
15616800	43
15620400	0
15624000	0
15627600	0
15631200	0
15634800	0
15638400	0
15642000	0
15645600	0
15649200	0
15652800	0
15656400	0
15660000	0
15663600	10
15667200	7
15670800	34
15674400	145
15678000	96
15681600	97
15685200	16
15688800	144
15692400	241
15696000	102
15699600	8
15703200	66
15706800	5
15710400	0
15714000	0
15717600	0
15721200	0
15724800	0
15728400	0
15732000	0
15735600	0
15739200	0
15742800	0
15746400	0
15750000	5
15753600	7
15757200	34
15760800	11
15764400	12
15768000	1
15771600	1
15775200	1
15778800	12
15782400	25
15786000	4
15789600	0
15793200	0
15796800	0
15800400	0
15804000	0
15807600	0
15811200	0
15814800	0
15818400	0
15822000	0
15825600	0
15829200	0
15832800	29
15836400	71
15840000	333
15843600	417
15847200	650
15850800	597
15854400	729
15858000	782
15861600	758
15865200	682
15868800	602
15872400	424
15876000	181
15879600	21
15883200	0
15886800	0
15890400	0
15894000	0
15897600	0
15901200	0
15904800	0
15908400	0
15912000	0
15915600	29
15919200	241
15922800	430
15926400	583
15930000	658
15933600	437
15937200	403
15940800	403
15944400	402
15948000	583
15951600	539
15955200	457
15958800	414
15962400	184
15966000	28
15969600	0
15973200	0
15976800	0
15980400	0
15984000	0
15987600	0
15991200	0
15994800	0
15998400	0
16002000	72
16005600	285
16009200	441
16012800	600
16016400	705
16020000	756
16023600	798
16027200	802
16030800	780
16034400	757
16038000	682
16041600	603
16045200	432
16048800	246
16052400	36
16056000	0
16059600	0
16063200	0
16066800	0
16070400	0
16074000	0
16077600	0
16081200	0
16084800	0
16088400	69
16092000	281
16095600	429
16099200	587
16102800	690
16106400	740
16110000	799
16113600	717
16117200	267
16120800	455
16124400	105
16128000	57
16131600	0
16135200	0
16138800	0
16142400	0
16146000	0
16149600	0
16153200	0
16156800	0
16160400	0
16164000	0
16167600	0
16171200	0
16174800	45
16178400	220
16182000	250
16185600	246
16189200	258
16192800	275
16196400	493
16200000	464
16203600	464
16207200	457
16210800	544
16214400	334
16218000	311
16221600	249
16225200	33
16228800	0
16232400	0
16236000	0
16239600	0
16243200	0
16246800	0
16250400	0
16254000	0
16257600	0
16261200	0
16264800	0
16268400	0
16272000	0
16275600	0
16279200	1
16282800	36
16286400	1
16290000	1
16293600	35
16297200	17
16300800	6
16304400	5
16308000	0
16311600	0
16315200	0
16318800	0
16322400	0
16326000	0
16329600	0
16333200	0
16336800	0
16340400	0
16344000	0
16347600	0
16351200	28
16354800	165
16358400	23
16362000	33
16365600	11
16369200	12
16372800	12
16376400	1
16380000	2
16383600	0
16387200	0
16390800	0
16394400	0
16398000	0
16401600	0
16405200	0
16408800	0
16412400	0
16416000	0
16419600	0
16423200	0
16426800	0
16430400	0
16434000	0
16437600	0
16441200	73
16444800	10
16448400	17
16452000	26
16455600	27
16459200	272
16462800	512
16466400	664
16470000	533
16473600	468
16477200	354
16480800	175
16484400	9
16488000	0
16491600	0
16495200	0
16498800	0
16502400	0
16506000	0
16509600	0
16513200	0
16516800	0
16520400	0
16524000	27
16527600	68
16531200	213
16534800	264
16538400	143
16542000	96
16545600	301
16549200	146
16552800	93
16556400	128
16560000	73
16563600	140
16567200	51
16570800	0
16574400	0
16578000	0
16581600	0
16585200	0
16588800	0
16592400	0
16596000	0
16599600	0
16603200	0
16606800	0
16610400	26
16614000	163
16617600	189
16621200	114
16624800	136
16628400	447
16632000	461
16635600	49
16639200	26
16642800	448
16646400	93
16650000	6
16653600	0
16657200	0
16660800	0
16664400	0
16668000	0
16671600	0
16675200	0
16678800	0
16682400	0
16686000	0
16689600	0
16693200	0
16696800	0
16700400	69
16704000	15
16707600	17
16711200	153
16714800	136
16718400	275
16722000	62
16725600	423
16729200	387
16732800	357
16736400	342
16740000	171
16743600	28
16747200	0
16750800	0
16754400	0
16758000	0
16761600	0
16765200	0
16768800	0
16772400	0
16776000	0
16779600	36
16783200	193
16786800	331
16790400	566
16794000	704
16797600	759
16801200	789
16804800	575
16808400	467
16812000	266
16815600	41
16819200	6
16822800	4
16826400	0
16830000	0
16833600	0
16837200	0
16840800	0
16844400	0
16848000	0
16851600	0
16855200	0
16858800	0
16862400	0
16866000	0
16869600	0
16873200	5
16876800	11
16880400	112
16884000	17
16887600	27
16891200	272
16894800	489
16898400	451
16902000	626
16905600	600
16909200	416
16912800	181
16916400	30
16920000	0
16923600	0
16927200	0
16930800	0
16934400	0
16938000	0
16941600	0
16945200	0
16948800	0
16952400	0
16956000	23
16959600	2
16963200	7
16966800	34
16970400	144
16974000	16
16977600	12
16981200	12
16984800	11
16988400	0
16992000	0
16995600	0
16999200	0
17002800	0
17006400	0
17010000	0
17013600	0
17017200	0
17020800	0
17024400	0
17028000	0
17031600	0
17035200	0
17038800	0
17042400	0
17046000	152
17049600	334
17053200	408
17056800	190
17060400	95
17064000	96
17067600	298
17071200	430
17074800	418
17078400	458
17082000	230
17085600	56
17089200	0
17092800	0
17096400	0
17100000	0
17103600	0
17107200	0
17110800	0
17114400	0
17118000	0
17121600	0
17125200	42
17128800	225
17132400	383
17136000	209
17139600	42
17143200	155
17146800	18
17150400	160
17154000	276
17157600	124
17161200	105
17164800	57
17168400	39
17172000	9
17175600	0
17179200	0
17182800	0
17186400	0
17190000	0
17193600	0
17197200	0
17200800	0
17204400	0
17208000	0
17211600	0
17215200	0
17218800	67
17222400	210
17226000	116
17229600	93
17233200	299
17236800	147
17240400	15
17244000	36
17247600	373
17251200	44
17254800	3
17258400	0
17262000	0
17265600	0
17269200	0
17272800	0
17276400	0
17280000	0
17283600	0
17287200	0
17290800	0
17294400	0
17298000	0
17301600	0
17305200	5
17308800	13
17312400	33
17316000	11
17319600	12
17323200	285
17326800	148
17330400	14
17334000	32
17337600	17
17341200	3
17344800	8
17348400	1
17352000	0
17355600	0
17359200	0
17362800	0
17366400	0
17370000	0
17373600	0
17377200	0
17380800	0
17384400	49
17388000	110
17391600	327
17395200	103
17398800	246
17402400	144
17406000	299
17409600	284
17413200	553
17416800	604
17420400	539
17424000	459
17427600	396
17431200	172
17434800	9
17438400	0
17442000	0
17445600	0
17449200	0
17452800	0
17456400	0
17460000	0
17463600	0
17467200	0
17470800	0
17474400	8
17478000	2
17481600	9
17485200	33
17488800	1
17492400	1
17496000	1
17499600	1
17503200	1
17506800	0
17510400	0
17514000	0
17517600	0
17521200	0
17524800	0
17528400	0
17532000	0
17535600	0
17539200	0
17542800	0
17546400	0
17550000	0
17553600	0
17557200	0
17560800	0
17564400	65
17568000	208
17571600	112
17575200	258
17578800	243
17582400	160
17586000	95
17589600	253
17593200	387
17596800	452
17600400	319
17604000	138
17607600	8
17611200	0
17614800	0
17618400	0
17622000	0
17625600	0
17629200	0
17632800	0
17636400	0
17640000	0
17643600	35
17647200	225
17650800	394
17654400	457
17658000	38
17661600	36
17665200	12
17668800	355
17672400	49
17676000	18
17679600	16
17683200	11
17686800	3
17690400	0
17694000	0
17697600	0
17701200	0
17704800	0
17708400	0
17712000	0
17715600	0
17719200	0
17722800	0
17726400	0
17730000	0
17733600	0
17737200	0
17740800	17
17744400	16
17748000	18
17751600	27
17755200	27
17758800	157
17762400	254
17766000	378
17769600	351
17773200	325
17776800	166
17780400	0
17784000	0
17787600	0
17791200	0
17794800	0
17798400	0
17802000	0
17805600	0
17809200	0
17812800	0
17816400	17
17820000	178
17823600	230
17827200	36
17830800	16
17834400	18
17838000	27
17841600	27
17845200	26
17848800	18
17852400	16
17856000	0
17859600	0
17863200	0
17866800	0
17870400	0
17874000	0
17877600	0
17881200	0
17884800	0
17888400	0
17892000	0
17895600	0
17899200	0
17902800	0
17906400	0
17910000	142
17913600	318
17917200	513
17920800	429
17924400	285
17928000	159
17931600	274
17935200	427
17938800	103
17942400	15
17946000	3
17949600	0
17953200	0
17956800	0
17960400	0
17964000	0
17967600	0
17971200	0
17974800	0
17978400	0
17982000	0
17985600	0
17989200	0
17992800	64
17996400	5
18000000	12
18003600	16
18007200	18
18010800	26
18014400	27
18018000	26
18021600	119
18025200	18
18028800	6
18032400	2
18036000	0
18039600	0
18043200	0
18046800	0
18050400	0
18054000	0
18057600	0
18061200	0
18064800	0
18068400	0
18072000	0
18075600	0
18079200	0
18082800	3
18086400	0
18090000	0
18093600	2
18097200	2
18100800	3
18104400	2
18108000	1
18111600	24
18115200	5
18118800	202
18122400	176
18126000	0
18129600	0
18133200	0
18136800	0
18140400	0
18144000	0
18147600	0
18151200	0
18154800	0
18158400	0
18162000	0
18165600	0
18169200	3
18172800	12
18176400	16
18180000	18
18183600	26
18187200	27
18190800	2
18194400	110
18198000	18
18201600	0
18205200	3
18208800	0
18212400	0
18216000	0
18219600	0
18223200	0
18226800	0
18230400	0
18234000	0
18237600	0
18241200	0
18244800	0
18248400	0
18252000	0
18255600	4
18259200	193
18262800	40
18266400	18
18270000	26
18273600	26
18277200	26
18280800	18
18284400	16
18288000	11
18291600	0
18295200	0
18298800	0
18302400	0
18306000	0
18309600	0
18313200	0
18316800	0
18320400	0
18324000	0
18327600	0
18331200	0
18334800	0
18338400	116
18342000	313
18345600	25
18349200	15
18352800	17
18356400	40
18360000	40
18363600	273
18367200	121
18370800	23
18374400	8
18378000	0
18381600	0
18385200	0
18388800	0
18392400	0
18396000	0
18399600	0
18403200	0
18406800	0
18410400	0
18414000	0
18417600	0
18421200	0
18424800	0
18428400	0
18432000	0
18435600	46
18439200	122
18442800	280
18446400	23
18450000	377
18453600	439
18457200	409
18460800	100
18464400	118
18468000	0
18471600	0
18475200	0
18478800	0
18482400	0
18486000	0
18489600	0
18493200	0
18496800	0
18500400	0
18504000	0
18507600	0
18511200	0
18514800	3
18518400	8
18522000	17
18525600	17
18529200	40
18532800	41
18536400	25
18540000	114
18543600	222
18547200	381
18550800	295
18554400	107
18558000	0
18561600	0
18565200	0
18568800	0
18572400	0
18576000	0
18579600	0
18583200	0
18586800	0
18590400	0
18594000	0
18597600	0
18601200	2
18604800	89
18608400	226
18612000	400
18615600	676
18619200	718
18622800	769
18626400	539
18630000	630
18633600	498
18637200	369
18640800	138
18644400	0
18648000	0
18651600	0
18655200	0
18658800	0
18662400	0
18666000	0
18669600	0
18673200	0
18676800	0
18680400	0
18684000	121
18687600	276
18691200	435
18694800	607
18698400	565
18702000	188
18705600	135
18709200	133
18712800	108
18716400	99
18720000	290
18723600	37
18727200	0
18730800	0
18734400	0
18738000	0
18741600	0
18745200	0
18748800	0
18752400	0
18756000	0
18759600	0
18763200	0
18766800	0
18770400	0
18774000	40
18777600	81
18781200	100
18784800	19
18788400	25
18792000	26
18795600	152
18799200	107
18802800	62
18806400	72
18810000	55
18813600	0
18817200	0
18820800	0
18824400	0
18828000	0
18831600	0
18835200	0
18838800	0
18842400	0
18846000	0
18849600	0
18853200	0
18856800	0
18860400	1
18864000	8
18867600	12
18871200	17
18874800	25
18878400	153
18882000	131
18885600	19
18889200	330
18892800	419
18896400	34
18900000	0
18903600	0
18907200	0
18910800	0
18914400	0
18918000	0
18921600	0
18925200	0
18928800	0
18932400	0
18936000	0
18939600	0
18943200	0
18946800	0
18950400	0
18954000	0
18957600	1
18961200	2
18964800	2
18968400	2
18972000	1
18975600	16
18979200	9
18982800	0
18986400	0
18990000	0
18993600	0
18997200	0
19000800	0
19004400	0
19008000	0
19011600	0
19015200	0
19018800	0
19022400	0
19026000	0
19029600	159
19033200	331
19036800	498
19040400	367
19044000	540
19047600	497
19051200	273
19054800	155
19058400	13
19062000	15
19065600	7
19069200	0
19072800	0
19076400	0
19080000	0
19083600	0
19087200	0
19090800	0
19094400	0
19098000	0
19101600	0
19105200	0
19108800	0
19112400	0
19116000	0
19119600	0
19123200	9
19126800	104
19130400	108
19134000	133
19137600	17
19141200	25
19144800	17
19148400	14
19152000	7
19155600	0
19159200	0
19162800	0
19166400	0
19170000	0
19173600	0
19177200	0
19180800	0
19184400	0
19188000	0
19191600	0
19195200	0
19198800	0
19202400	0
19206000	0
19209600	0
19213200	44
19216800	16
19220400	25
19224000	25
19227600	18
19231200	16
19234800	13
19238400	6
19242000	0
19245600	0
19249200	0
19252800	0
19256400	0
19260000	0
19263600	0
19267200	0
19270800	0
19274400	0
19278000	0
19281600	0
19285200	0
19288800	129
19292400	256
19296000	421
19299600	369
19303200	254
19306800	274
19310400	274
19314000	286
19317600	119
19321200	118
19324800	165
19328400	97
19332000	30
19335600	0
19339200	0
19342800	0
19346400	0
19350000	0
19353600	0
19357200	0
19360800	0
19364400	0
19368000	0
19371600	0
19375200	0
19378800	0
19382400	9
19386000	12
19389600	17
19393200	18
19396800	11
19400400	18
19404000	357
19407600	499
19411200	276
19414800	64
19418400	5
19422000	0
19425600	0
19429200	0
19432800	0
19436400	0
19440000	0
19443600	0
19447200	0
19450800	0
19454400	0
19458000	0
19461600	81
19465200	186
19468800	120
19472400	352
19476000	107
19479600	113
19483200	135
19486800	135
19490400	108
19494000	97
19497600	158
19501200	97
19504800	4
19508400	0
19512000	0
19515600	0
19519200	0
19522800	0
19526400	0
19530000	0
19533600	0
19537200	0
19540800	0
19544400	0
19548000	52
19551600	112
19555200	282
19558800	194
19562400	568
19566000	740
19569600	775
19573200	663
19576800	661
19580400	476
19584000	477
19587600	222
19591200	3
19594800	0
19598400	0
19602000	0
19605600	0
19609200	0
19612800	0
19616400	0
19620000	0
19623600	0
19627200	0
19630800	0
19634400	0
19638000	0
19641600	9
19645200	202
19648800	112
19652400	20
19656000	259
19659600	261
19663200	223
19666800	201
19670400	298
19674000	97
19677600	0
19681200	0
19684800	0
19688400	0
19692000	0
19695600	0
19699200	0
19702800	0
19706400	0
19710000	0
19713600	0
19717200	0
19720800	0
19724400	0
19728000	0
19731600	0
19735200	0
19738800	45
19742400	152
19746000	110
19749600	104
19753200	336
19756800	297
19760400	150
19764000	10
19767600	0
19771200	0
19774800	0
19778400	0
19782000	0
19785600	0
19789200	0
19792800	0
19796400	0
19800000	0
19803600	0
19807200	33
19810800	241
19814400	406
19818000	388
19821600	139
19825200	255
19828800	46
19832400	18
19836000	16
19839600	13
19843200	6
19846800	0
19850400	8
19854000	0
19857600	0
19861200	0
19864800	0
19868400	0
19872000	0
19875600	0
19879200	0
19882800	0
19886400	0
19890000	0
19893600	0
19897200	0
19900800	8
19904400	7
19908000	33
19911600	35
19915200	36
19918800	35
19922400	32
19926000	261
19929600	286
19933200	105
19936800	2
19940400	0
19944000	0
19947600	0
19951200	0
19954800	0
19958400	0
19962000	0
19965600	0
19969200	0
19972800	0
19976400	0
19980000	0
19983600	0
19987200	0
19990800	0
19994400	41
19998000	17
20001600	116
20005200	19
20008800	111
20012400	93
20016000	43
20019600	123
20023200	6
20026800	0
20030400	0
20034000	0
20037600	0
20041200	0
20044800	0
20048400	0
20052000	0
20055600	0
20059200	0
20062800	0
20066400	67
20070000	283
20073600	398
20077200	561
20080800	537
20084400	665
20088000	716
20091600	729
20095200	629
20098800	598
20102400	431
20106000	189
20109600	44
20113200	0
20116800	0
20120400	0
20124000	0
20127600	0
20131200	0
20134800	0
20138400	0
20142000	0
20145600	0
20149200	0
20152800	8
20156400	270
20160000	439
20163600	579
20167200	649
20170800	571
20174400	254
20178000	529
20181600	385
20185200	466
20188800	366
20192400	187
20196000	2
20199600	0
20203200	0
20206800	0
20210400	0
20214000	0
20217600	0
20221200	0
20224800	0
20228400	0
20232000	0
20235600	0
20239200	44
20242800	15
20246400	7
20250000	11
20253600	16
20257200	17
20260800	3
20264400	1
20268000	0
20271600	16
20275200	4
20278800	195
20282400	0
20286000	0
20289600	0
20293200	0
20296800	0
20300400	0
20304000	0
20307600	0
20311200	0
20314800	0
20318400	0
20322000	0
20325600	41
20329200	263
20332800	157
20336400	423
20340000	406
20343600	420
20347200	252
20350800	120
20354400	126
20358000	17
20361600	5
20365200	210
20368800	3
20372400	0
20376000	0
20379600	0
20383200	0
20386800	0
20390400	0
20394000	0
20397600	0
20401200	0
20404800	0
20408400	0
20412000	0
20415600	255
20419200	74
20422800	93
20426400	235
20430000	45
20433600	239
20437200	258
20440800	109
20444400	16
20448000	4
20451600	11
20455200	0
20458800	0
20462400	0
20466000	0
20469600	0
20473200	0
20476800	0
20480400	0
20484000	0
20487600	0
20491200	0
20494800	0
20498400	0
20502000	0
20505600	9
20509200	10
20512800	16
20516400	17
20520000	117
20523600	19
20527200	15
20530800	17
20534400	4
20538000	0
20541600	0
20545200	0
20548800	0
20552400	0
20556000	0
20559600	0
20563200	0
20566800	0
20570400	0
20574000	0
20577600	0
20581200	0
20584800	93
20588400	274
20592000	422
20595600	458
20599200	546
20602800	550
20606400	253
20610000	257
20613600	112
20617200	56
20620800	5
20624400	0
20628000	0
20631600	0
20635200	0
20638800	0
20642400	0
20646000	0
20649600	0
20653200	0
20656800	0
20660400	0
20664000	0
20667600	0
20671200	0
20674800	104
20678400	150
20682000	451
20685600	625
20689200	390
20692800	251
20696400	277
20700000	260
20703600	414
20707200	321
20710800	128
20714400	0
20718000	0
20721600	0
20725200	0
20728800	0
20732400	0
20736000	0
20739600	0
20743200	0
20746800	0
20750400	0
20754000	0
20757600	73
20761200	243
20764800	414
20768400	577
20772000	669
20775600	675
20779200	685
20782800	549
20786400	618
20790000	425
20793600	356
20797200	159
20800800	0
20804400	0
20808000	0
20811600	0
20815200	0
20818800	0
20822400	0
20826000	0
20829600	0
20833200	0
20836800	0
20840400	0
20844000	69
20847600	258
20851200	417
20854800	571
20858400	664
20862000	723
20865600	399
20869200	436
20872800	585
20876400	520
20880000	387
20883600	152
20887200	0
20890800	0
20894400	0
20898000	0
20901600	0
20905200	0
20908800	0
20912400	0
20916000	0
20919600	0
20923200	0
20926800	0
20930400	31
20934000	250
20937600	405
20941200	613
20944800	673
20948400	718
20952000	736
20955600	723
20959200	680
20962800	565
20966400	387
20970000	149
20973600	0
20977200	0
20980800	0
20984400	0
20988000	0
20991600	0
20995200	0
20998800	0
21002400	0
21006000	0
21009600	0
21013200	0
21016800	0
21020400	215
21024000	116
21027600	100
21031200	19
21034800	18
21038400	19
21042000	18
21045600	32
21049200	6
21052800	4
21056400	0
21060000	0
21063600	0
21067200	0
21070800	0
21074400	0
21078000	0
21081600	0
21085200	0
21088800	0
21092400	0
21096000	0
21099600	0
21103200	0
21106800	0
21110400	7
21114000	14
21117600	17
21121200	1
21124800	1
21128400	115
21132000	18
21135600	98
21139200	53
21142800	8
21146400	0
21150000	0
21153600	0
21157200	0
21160800	0
21164400	0
21168000	0
21171600	0
21175200	0
21178800	0
21182400	0
21186000	0
21189600	27
21193200	0
21196800	131
21200400	489
21204000	146
21207600	13
21211200	128
21214800	394
21218400	143
21222000	458
21225600	402
21229200	122
21232800	0
21236400	0
21240000	0
21243600	0
21247200	0
21250800	0
21254400	0
21258000	0
21261600	0
21265200	0
21268800	0
21272400	0
21276000	34
21279600	239
21283200	509
21286800	611
21290400	706
21294000	706
21297600	257
21301200	127
21304800	252
21308400	519
21312000	395
21315600	155
21319200	0
21322800	0
21326400	0
21330000	0
21333600	0
21337200	0
21340800	0
21344400	0
21348000	0
21351600	0
21355200	0
21358800	0
21362400	0
21366000	84
21369600	9
21373200	10
21376800	33
21380400	36
21384000	18
21387600	18
21391200	116
21394800	332
21398400	64
21402000	30
21405600	0
21409200	0
21412800	0
21416400	0
21420000	0
21423600	0
21427200	0
21430800	0
21434400	0
21438000	0
21441600	0
21445200	0
21448800	0
21452400	117
21456000	166
21459600	135
21463200	274
21466800	295
21470400	128
21474000	384
21477600	242
21481200	15
21484800	2
21488400	122
21492000	0
21495600	0
21499200	0
21502800	0
21506400	0
21510000	0
21513600	0
21517200	0
21520800	0
21524400	0
21528000	0
21531600	0
21535200	0
21538800	0
21542400	18
21546000	106
21549600	562
21553200	754
21556800	579
21560400	615
21564000	576
21567600	462
21571200	327
21574800	81
21578400	0
21582000	0
21585600	0
21589200	0
21592800	0
21596400	0
21600000	0
21603600	0
21607200	0
21610800	0
21614400	0
21618000	0
21621600	0
21625200	0
21628800	4
21632400	13
21636000	243
21639600	412
21643200	477
21646800	459
21650400	541
21654000	593
21657600	407
21661200	133
21664800	0
21668400	0
21672000	0
21675600	0
21679200	0
21682800	0
21686400	0
21690000	0
21693600	0
21697200	0
21700800	0
21704400	0
21708000	16
21711600	223
21715200	454
21718800	603
21722400	708
21726000	760
21729600	779
21733200	762
21736800	686
21740400	583
21744000	414
21747600	135
21751200	0
21754800	0
21758400	0
21762000	0
21765600	0
21769200	0
21772800	0
21776400	0
21780000	0
21783600	0
21787200	0
21790800	0
21794400	11
21798000	220
21801600	451
21805200	602
21808800	715
21812400	768
21816000	689
21819600	561
21823200	471
21826800	454
21830400	372
21834000	0
21837600	0
21841200	0
21844800	0
21848400	0
21852000	0
21855600	0
21859200	0
21862800	0
21866400	0
21870000	0
21873600	0
21877200	0
21880800	0
21884400	0
21888000	6
21891600	0
21895200	0
21898800	0
21902400	0
21906000	43
21909600	0
21913200	12
21916800	0
21920400	0
21924000	0
21927600	0
21931200	0
21934800	0
21938400	0
21942000	0
21945600	0
21949200	0
21952800	0
21956400	0
21960000	0
21963600	0
21967200	0
21970800	176
21974400	81
21978000	18
21981600	122
21985200	13
21988800	129
21992400	139
21996000	21
21999600	0
22003200	0
22006800	0
22010400	0
22014000	0
22017600	0
22021200	0
22024800	0
22028400	0
22032000	0
22035600	0
22039200	0
22042800	0
22046400	0
22050000	0
22053600	0
22057200	11
22060800	2
22064400	9
22068000	117
22071600	139
22075200	13
22078800	34
22082400	110
22086000	71
22089600	0
22093200	0
22096800	0
22100400	0
22104000	0
22107600	0
22111200	0
22114800	0
22118400	0
22122000	0
22125600	0
22129200	0
22132800	0
22136400	0
22140000	0
22143600	35
22147200	69
22150800	16
22154400	31
22158000	34
22161600	128
22165200	138
22168800	228
22172400	151
22176000	221
22179600	17
22183200	0
22186800	0
22190400	0
22194000	0
22197600	0
22201200	0
22204800	0
22208400	0
22212000	0
22215600	0
22219200	0
22222800	0
22226400	0
22230000	125
22233600	398
22237200	221
22240800	187
22244400	128
22248000	142
22251600	138
22255200	20
22258800	13
22262400	0
22266000	0
22269600	0
22273200	0
22276800	0
22280400	0
22284000	0
22287600	0
22291200	0
22294800	0
22298400	0
22302000	0
22305600	0
22309200	0
22312800	0
22316400	0
22320000	0
22323600	0
22327200	0
22330800	43
22334400	122
22338000	19
22341600	7
22345200	0
22348800	287
22352400	93
22356000	0
22359600	0
22363200	0
22366800	0
22370400	0
22374000	0
22377600	0
22381200	0
22384800	0
22388400	0
22392000	0
22395600	0
22399200	0
22402800	0
22406400	119
22410000	16
22413600	22
22417200	34
22420800	34
22424400	16
22428000	7
22431600	0
22435200	0
22438800	0
22442400	0
22446000	0
22449600	0
22453200	0
22456800	0
22460400	0
22464000	0
22467600	0
22471200	0
22474800	0
22478400	0
22482000	0
22485600	0
22489200	0
22492800	1
22496400	8
22500000	112
22503600	386
22507200	264
22510800	123
22514400	19
22518000	11
22521600	27
22525200	0
22528800	0
22532400	0
22536000	0
22539600	0
22543200	0
22546800	0
22550400	0
22554000	0
22557600	0
22561200	0
22564800	0
22568400	0
22572000	0
22575600	0
22579200	0
22582800	0
22586400	0
22590000	0
22593600	0
22597200	249
22600800	18
22604400	10
22608000	0
22611600	0
22615200	0
22618800	0
22622400	0
22626000	0
22629600	0
22633200	0
22636800	0
22640400	0
22644000	0
22647600	0
22651200	0
22654800	0
22658400	0
22662000	0
22665600	2
22669200	8
22672800	22
22676400	17
22680000	17
22683600	16
22687200	7
22690800	7
22694400	0
22698000	0
22701600	0
22705200	0
22708800	0
22712400	0
22716000	0
22719600	0
22723200	0
22726800	0
22730400	0
22734000	0
22737600	0
22741200	0
22744800	0
22748400	0
22752000	1
22755600	8
22759200	22
22762800	33
22766400	34
22770000	23
22773600	19
22777200	5
22780800	0
22784400	0
22788000	0
22791600	0
22795200	0
22798800	0
22802400	0
22806000	0
22809600	0
22813200	0
22816800	0
22820400	0
22824000	0
22827600	0
22831200	0
22834800	166
22838400	399
22842000	411
22845600	549
22849200	611
22852800	260
22856400	521
22860000	482
22863600	88
22867200	0
22870800	0
22874400	0
22878000	0
22881600	0
22885200	0
22888800	0
22892400	0
22896000	0
22899600	0
22903200	0
22906800	0
22910400	0
22914000	0
22917600	0
22921200	0
22924800	1
22928400	0
22932000	20
22935600	122
22939200	386
22942800	125
22946400	18
22950000	4
22953600	0
22957200	0
22960800	0
22964400	0
22968000	0
22971600	0
22975200	0
22978800	0
22982400	0
22986000	0
22989600	0
22993200	0
22996800	0
23000400	0
23004000	0
23007600	49
23011200	273
23014800	31
23018400	22
23022000	0
23025600	0
23029200	114
23032800	403
23036400	175
23040000	118
23043600	0
23047200	0
23050800	0
23054400	0
23058000	0
23061600	0
23065200	0
23068800	0
23072400	0
23076000	0
23079600	0
23083200	0
23086800	0
23090400	0
23094000	127
23097600	335
23101200	446
23104800	598
23108400	398
23112000	453
23115600	539
23119200	368
23122800	85
23126400	2
23130000	0
23133600	0
23137200	0
23140800	0
23144400	0
23148000	0
23151600	0
23155200	0
23158800	0
23162400	0
23166000	0
23169600	0
23173200	0
23176800	0
23180400	0
23184000	0
23187600	9
23191200	7
23194800	8
23198400	0
23202000	0
23205600	15
23209200	4
23212800	0
23216400	0
23220000	0
23223600	0
23227200	0
23230800	0
23234400	0
23238000	0
23241600	0
23245200	0
23248800	0
23252400	0
23256000	0
23259600	0
23263200	0
23266800	0
23270400	0
23274000	0
23277600	0
23281200	0
23284800	0
23288400	0
23292000	0
23295600	0
23299200	0
23302800	0
23306400	0
23310000	0
23313600	0
23317200	0
23320800	0
23324400	0
23328000	0
23331600	0
23335200	0
23338800	0
23342400	0
23346000	0
23349600	0
23353200	0
23356800	0
23360400	0
23364000	0
23367600	0
23371200	0
23374800	0
23378400	14
23382000	3
23385600	0
23389200	0
23392800	0
23396400	0
23400000	0
23403600	0
23407200	0
23410800	0
23414400	0
23418000	0
23421600	0
23425200	0
23428800	0
23432400	0
23436000	0
23439600	198
23443200	0
23446800	94
23450400	235
23454000	243
23457600	403
23461200	125
23464800	215
23468400	354
23472000	237
23475600	0
23479200	0
23482800	0
23486400	0
23490000	0
23493600	0
23497200	0
23500800	0
23504400	0
23508000	0
23511600	0
23515200	0
23518800	0
23522400	0
23526000	229
23529600	370
23533200	541
23536800	667
23540400	553
23544000	509
23547600	483
23551200	492
23554800	381
23558400	151
23562000	0
23565600	0
23569200	0
23572800	0
23576400	0
23580000	0
23583600	0
23587200	0
23590800	0
23594400	0
23598000	0
23601600	0
23605200	0
23608800	0
23612400	0
23616000	0
23619600	227
23623200	555
23626800	716
23630400	720
23634000	691
23637600	610
23641200	454
23644800	234
23648400	0
23652000	0
23655600	0
23659200	0
23662800	0
23666400	0
23670000	0
23673600	0
23677200	0
23680800	0
23684400	0
23688000	0
23691600	0
23695200	0
23698800	0
23702400	58
23706000	12
23709600	19
23713200	22
23716800	23
23720400	21
23724000	0
23727600	2
23731200	0
23734800	0
23738400	0
23742000	0
23745600	0
23749200	0
23752800	0
23756400	0
23760000	0
23763600	0
23767200	0
23770800	0
23774400	0
23778000	0
23781600	0
23785200	0
23788800	0
23792400	6
23796000	20
23799600	226
23803200	400
23806800	124
23810400	15
23814000	1
23817600	6
23821200	0
23824800	0
23828400	0
23832000	0
23835600	0
23839200	0
23842800	0
23846400	0
23850000	0
23853600	0
23857200	0
23860800	0
23864400	0
23868000	0
23871600	0
23875200	47
23878800	12
23882400	111
23886000	77
23889600	261
23893200	505
23896800	478
23900400	171
23904000	0
23907600	0
23911200	0
23914800	0
23918400	0
23922000	0
23925600	0
23929200	0
23932800	0
23936400	0
23940000	0
23943600	0
23947200	0
23950800	0
23954400	0
23958000	102
23961600	374
23965200	526
23968800	119
23972400	76
23976000	259
23979600	154
23983200	164
23986800	168
23990400	39
23994000	0
23997600	0
24001200	0
24004800	0
24008400	0
24012000	0
24015600	0
24019200	0
24022800	0
24026400	0
24030000	0
24033600	0
24037200	0
24040800	0
24044400	0
24048000	0
24051600	0
24055200	17
24058800	7
24062400	117
24066000	74
24069600	12
24073200	0
24076800	0
24080400	0
24084000	0
24087600	0
24091200	0
24094800	0
24098400	0
24102000	0
24105600	0
24109200	0
24112800	0
24116400	0
24120000	0
24123600	0
24127200	0
24130800	0
24134400	0
24138000	5
24141600	18
24145200	21
24148800	8
24152400	7
24156000	0
24159600	0
24163200	0
24166800	0
24170400	0
24174000	0
24177600	0
24181200	0
24184800	0
24188400	0
24192000	0
24195600	0
24199200	0
24202800	0
24206400	0
24210000	0
24213600	0
24217200	0
24220800	0
24224400	0
24228000	0
24231600	0
24235200	44
24238800	19
24242400	12
24246000	0
24249600	0
24253200	0
24256800	0
24260400	0
24264000	0
24267600	0
24271200	0
24274800	0
24278400	0
24282000	0
24285600	0
24289200	0
24292800	0
24296400	0
24300000	0
24303600	0
24307200	0
24310800	5
24314400	18
24318000	21
24321600	21
24325200	108
24328800	11
24332400	0
24336000	0
24339600	0
24343200	0
24346800	0
24350400	0
24354000	0
24357600	0
24361200	0
24364800	0
24368400	0
24372000	0
24375600	0
24379200	0
24382800	0
24386400	0
24390000	0
24393600	0
24397200	6
24400800	107
24404400	244
24408000	498
24411600	502
24415200	441
24418800	333
24422400	111
24426000	0
24429600	0
24433200	0
24436800	0
24440400	0
24444000	0
24447600	0
24451200	0
24454800	0
24458400	0
24462000	0
24465600	0
24469200	0
24472800	0
24476400	0
24480000	0
24483600	89
24487200	81
24490800	238
24494400	385
24498000	341
24501600	341
24505200	360
24508800	96
24512400	0
24516000	0
24519600	0
24523200	0
24526800	0
24530400	0
24534000	0
24537600	0
24541200	0
24544800	0
24548400	0
24552000	0
24555600	0
24559200	0
24562800	55
24566400	330
24570000	495
24573600	622
24577200	677
24580800	689
24584400	652
24588000	546
24591600	389
24595200	97
24598800	0
24602400	0
24606000	0
24609600	0
24613200	0
24616800	0
24620400	0
24624000	0
24627600	0
24631200	0
24634800	0
24638400	0
24642000	0
24645600	0
24649200	49
24652800	332
24656400	502
24660000	633
24663600	688
24667200	690
24670800	650
24674400	544
24678000	384
24681600	90
24685200	0
24688800	0
24692400	0
24696000	0
24699600	0
24703200	0
24706800	0
24710400	0
24714000	0
24717600	0
24721200	0
24724800	0
24728400	0
24732000	0
24735600	41
24739200	321
24742800	484
24746400	616
24750000	664
24753600	665
24757200	112
24760800	188
24764400	89
24768000	5
24771600	0
24775200	0
24778800	0
24782400	0
24786000	0
24789600	0
24793200	0
24796800	0
24800400	0
24804000	0
24807600	0
24811200	0
24814800	0
24818400	0
24822000	0
24825600	0
24829200	3
24832800	5
24836400	7
24840000	7
24843600	213
24847200	113
24850800	20
24854400	2
24858000	0
24861600	0
24865200	0
24868800	0
24872400	0
24876000	0
24879600	0
24883200	0
24886800	0
24890400	0
24894000	0
24897600	0
24901200	0
24904800	0
24908400	0
24912000	0
24915600	3
24919200	5
24922800	6
24926400	7
24930000	5
24933600	3
24937200	19
24940800	1
24944400	0
24948000	0
24951600	0
24955200	0
24958800	0
24962400	0
24966000	0
24969600	0
24973200	0
24976800	0
24980400	0
24984000	0
24987600	0
24991200	0
24994800	0
24998400	97
25002000	0
25005600	0
25009200	38
25012800	111
25016400	67
25020000	301
25023600	318
25027200	54
25030800	0
25034400	0
25038000	0
25041600	0
25045200	0
25048800	0
25052400	0
25056000	0
25059600	0
25063200	0
25066800	0
25070400	0
25074000	0
25077600	0
25081200	0
25084800	0
25088400	0
25092000	0
25095600	0
25099200	0
25102800	0
25106400	0
25110000	0
25113600	0
25117200	0
25120800	0
25124400	0
25128000	0
25131600	0
25135200	0
25138800	0
25142400	0
25146000	0
25149600	0
25153200	0
25156800	0
25160400	0
25164000	0
25167600	0
25171200	0
25174800	0
25178400	28
25182000	18
25185600	18
25189200	15
25192800	4
25196400	208
25200000	35
25203600	0
25207200	0
25210800	0
25214400	0
25218000	0
25221600	0
25225200	0
25228800	0
25232400	0
25236000	0
25239600	0
25243200	0
25246800	0
25250400	0
25254000	9
25257600	88
25261200	127
25264800	101
25268400	71
25272000	18
25275600	0
25279200	0
25282800	0
25286400	0
25290000	0
25293600	0
25297200	0
25300800	0
25304400	0
25308000	0
25311600	0
25315200	0
25318800	0
25322400	0
25326000	0
25329600	0
25333200	0
25336800	0
25340400	0
25344000	0
25347600	1
25351200	14
25354800	18
25358400	18
25362000	14
25365600	3
25369200	0
25372800	0
25376400	0
25380000	0
25383600	0
25387200	0
25390800	0
25394400	0
25398000	0
25401600	0
25405200	0
25408800	0
25412400	0
25416000	0
25419600	0
25423200	0
25426800	0
25430400	0
25434000	0
25437600	26
25441200	17
25444800	17
25448400	0
25452000	0
25455600	0
25459200	0
25462800	0
25466400	0
25470000	0
25473600	0
25477200	0
25480800	0
25484400	0
25488000	0
25491600	0
25495200	0
25498800	0
25502400	0
25506000	0
25509600	0
25513200	0
25516800	0
25520400	64
25524000	78
25527600	71
25531200	18
25534800	14
25538400	3
25542000	0
25545600	0
25549200	0
25552800	0
25556400	0
25560000	0
25563600	0
25567200	0
25570800	0
25574400	0
25578000	0
25581600	0
25585200	0
25588800	0
25592400	0
25596000	0
25599600	0
25603200	34
25606800	52
25610400	12
25614000	17
25617600	17
25621200	13
25624800	67
25628400	15
25632000	0
25635600	0
25639200	0
25642800	0
25646400	0
25650000	0
25653600	0
25657200	0
25660800	0
25664400	0
25668000	0
25671600	0
25675200	0
25678800	0
25682400	0
25686000	0
25689600	0
25693200	0
25696800	12
25700400	16
25704000	17
25707600	231
25711200	65
25714800	14
25718400	0
25722000	0
25725600	0
25729200	0
25732800	0
25736400	0
25740000	0
25743600	0
25747200	0
25750800	0
25754400	0
25758000	0
25761600	0
25765200	0
25768800	0
25772400	0
25776000	0
25779600	0
25783200	11
25786800	16
25790400	16
25794000	12
25797600	0
25801200	0
25804800	0
25808400	0
25812000	0
25815600	0
25819200	0
25822800	0
25826400	0
25830000	0
25833600	0
25837200	0
25840800	0
25844400	0
25848000	0
25851600	0
25855200	0
25858800	0
25862400	0
25866000	59
25869600	290
25873200	480
25876800	376
25880400	316
25884000	77
25887600	11
25891200	0
25894800	0
25898400	0
25902000	0
25905600	0
25909200	0
25912800	0
25916400	0
25920000	0
25923600	0
25927200	0
25930800	0
25934400	0
25938000	0
25941600	0
25945200	0
25948800	0
25952400	0
25956000	0
25959600	0
25963200	0
25966800	0
25970400	0
25974000	0
25977600	0
25981200	0
25984800	0
25988400	0
25992000	0
25995600	0
25999200	0
26002800	0
26006400	0
26010000	0
26013600	0
26017200	0
26020800	0
26024400	0
26028000	0
26031600	0
26035200	0
26038800	0
26042400	5
26046000	104
26049600	68
26053200	63
26056800	291
26060400	202
26064000	0
26067600	0
26071200	0
26074800	0
26078400	0
26082000	0
26085600	0
26089200	0
26092800	0
26096400	0
26100000	0
26103600	0
26107200	0
26110800	0
26114400	0
26118000	0
26121600	134
26125200	393
26128800	20
26132400	15
26136000	244
26139600	445
26143200	445
26146800	232
26150400	0
26154000	0
26157600	0
26161200	0
26164800	0
26168400	0
26172000	0
26175600	0
26179200	0
26182800	0
26186400	0
26190000	0
26193600	0
26197200	0
26200800	0
26204400	0
26208000	95
26211600	328
26215200	99
26218800	14
26222400	0
26226000	102
26229600	0
26233200	0
26236800	0
26240400	0
26244000	0
26247600	0
26251200	0
26254800	0
26258400	0
26262000	0
26265600	0
26269200	0
26272800	0
26276400	0
26280000	0
26283600	0
26287200	0
26290800	0
26294400	239
26298000	362
26301600	498
26305200	553
26308800	482
26312400	425
26316000	386
26319600	174
26323200	0
26326800	0
26330400	0
26334000	0
26337600	0
26341200	0
26344800	0
26348400	0
26352000	0
26355600	0
26359200	0
26362800	0
26366400	0
26370000	0
26373600	0
26377200	0
26380800	225
26384400	356
26388000	499
26391600	555
26395200	563
26398800	306
26402400	358
26406000	167
26409600	0
26413200	0
26416800	0
26420400	0
26424000	0
26427600	0
26431200	0
26434800	0
26438400	0
26442000	0
26445600	0
26449200	0
26452800	0
26456400	0
26460000	0
26463600	0
26467200	0
26470800	0
26474400	84
26478000	200
26481600	129
26485200	391
26488800	52
26492400	0
26496000	0
26499600	0
26503200	0
26506800	0
26510400	0
26514000	0
26517600	0
26521200	0
26524800	0
26528400	0
26532000	0
26535600	0
26539200	0
26542800	0
26546400	0
26550000	0
26553600	99
26557200	346
26560800	492
26564400	473
26568000	476
26571600	460
26575200	353
26578800	47
26582400	0
26586000	0
26589600	0
26593200	0
26596800	0
26600400	0
26604000	0
26607600	0
26611200	0
26614800	0
26618400	0
26622000	0
26625600	0
26629200	0
26632800	0
26636400	0
26640000	92
26643600	84
26647200	3
26650800	9
26654400	9
26658000	0
26661600	0
26665200	0
26668800	0
26672400	0
26676000	0
26679600	0
26683200	0
26686800	0
26690400	0
26694000	0
26697600	0
26701200	0
26704800	0
26708400	0
26712000	0
26715600	0
26719200	0
26722800	0
26726400	0
26730000	0
26733600	1
26737200	6
26740800	90
26744400	3
26748000	0
26751600	0
26755200	0
26758800	0
26762400	0
26766000	0
26769600	0
26773200	0
26776800	0
26780400	0
26784000	0
26787600	0
26791200	0
26794800	0
26798400	0
26802000	0
26805600	0
26809200	0
26812800	6
26816400	0
26820000	1
26823600	6
26827200	153
26830800	296
26834400	48
26838000	0
26841600	0
26845200	0
26848800	0
26852400	0
26856000	0
26859600	0
26863200	0
26866800	0
26870400	0
26874000	0
26877600	0
26881200	0
26884800	0
26888400	0
26892000	0
26895600	0
26899200	2
26902800	205
26906400	452
26910000	427
26913600	95
26917200	2
26920800	0
26924400	0
26928000	0
26931600	0
26935200	0
26938800	0
26942400	0
26946000	0
26949600	0
26953200	0
26956800	0
26960400	0
26964000	0
26967600	0
26971200	0
26974800	0
26978400	0
26982000	0
26985600	0
26989200	0
26992800	0
26996400	0
27000000	0
27003600	0
27007200	0
27010800	0
27014400	0
27018000	0
27021600	0
27025200	0
27028800	0
27032400	0
27036000	0
27039600	0
27043200	0
27046800	0
27050400	0
27054000	0
27057600	0
27061200	0
27064800	0
27068400	0
27072000	0
27075600	0
27079200	0
27082800	0
27086400	0
27090000	0
27093600	0
27097200	0
27100800	0
27104400	0
27108000	0
27111600	0
27115200	0
27118800	0
27122400	0
27126000	0
27129600	0
27133200	0
27136800	0
27140400	0
27144000	0
27147600	0
27151200	0
27154800	0
27158400	0
27162000	0
27165600	0
27169200	0
27172800	5
27176400	0
27180000	0
27183600	0
27187200	0
27190800	0
27194400	0
27198000	0
27201600	0
27205200	0
27208800	0
27212400	0
27216000	0
27219600	0
27223200	0
27226800	0
27230400	0
27234000	0
27237600	0
27241200	0
27244800	29
27248400	236
27252000	400
27255600	522
27259200	397
27262800	453
27266400	316
27270000	31
27273600	0
27277200	0
27280800	0
27284400	0
27288000	0
27291600	0
27295200	0
27298800	0
27302400	0
27306000	0
27309600	0
27313200	0
27316800	0
27320400	0
27324000	0
27327600	0
27331200	18
27334800	226
27338400	257
27342000	340
27345600	262
27349200	126
27352800	136
27356400	21
27360000	0
27363600	0
27367200	0
27370800	0
27374400	0
27378000	0
27381600	0
27385200	0
27388800	0
27392400	0
27396000	0
27399600	0
27403200	0
27406800	0
27410400	0
27414000	0
27417600	28
27421200	191
27424800	402
27428400	381
27432000	537
27435600	473
27439200	292
27442800	49
27446400	0
27450000	0
27453600	0
27457200	0
27460800	0
27464400	0
27468000	0
27471600	0
27475200	0
27478800	0
27482400	0
27486000	0
27489600	0
27493200	0
27496800	0
27500400	0
27504000	28
27507600	187
27511200	399
27514800	533
27518400	524
27522000	363
27525600	291
27529200	45
27532800	0
27536400	0
27540000	0
27543600	0
27547200	0
27550800	0
27554400	0
27558000	0
27561600	0
27565200	0
27568800	0
27572400	0
27576000	0
27579600	0
27583200	0
27586800	0
27590400	0
27594000	0
27597600	0
27601200	0
27604800	0
27608400	0
27612000	0
27615600	0
27619200	0
27622800	0
27626400	0
27630000	0
27633600	0
27637200	0
27640800	0
27644400	0
27648000	0
27651600	0
27655200	0
27658800	0
27662400	0
27666000	0
27669600	0
27673200	0
27676800	0
27680400	0
27684000	0
27687600	4
27691200	4
27694800	0
27698400	0
27702000	0
27705600	0
27709200	0
27712800	0
27716400	0
27720000	0
27723600	0
27727200	0
27730800	0
27734400	0
27738000	0
27741600	0
27745200	0
27748800	0
27752400	0
27756000	0
27759600	0
27763200	0
27766800	0
27770400	0
27774000	0
27777600	0
27781200	0
27784800	0
27788400	0
27792000	0
27795600	0
27799200	0
27802800	0
27806400	0
27810000	0
27813600	0
27817200	0
27820800	0
27824400	0
27828000	0
27831600	0
27835200	0
27838800	0
27842400	0
27846000	0
27849600	0
27853200	0
27856800	0
27860400	0
27864000	2
27867600	0
27871200	0
27874800	0
27878400	0
27882000	0
27885600	0
27889200	0
27892800	0
27896400	0
27900000	0
27903600	0
27907200	0
27910800	0
27914400	0
27918000	0
27921600	0
27925200	0
27928800	0
27932400	0
27936000	0
27939600	0
27943200	0
27946800	2
27950400	2
27954000	0
27957600	0
27961200	0
27964800	0
27968400	0
27972000	0
27975600	0
27979200	0
27982800	0
27986400	0
27990000	0
27993600	0
27997200	0
28000800	0
28004400	0
28008000	0
28011600	0
28015200	0
28018800	0
28022400	0
28026000	0
28029600	0
28033200	0
28036800	0
28040400	0
28044000	0
28047600	0
28051200	0
28054800	0
28058400	0
28062000	0
28065600	0
28069200	0
28072800	0
28076400	0
28080000	0
28083600	0
28087200	0
28090800	0
28094400	0
28098000	0
28101600	0
28105200	0
28108800	0
28112400	0
28116000	0
28119600	0
28123200	0
28126800	0
28130400	0
28134000	0
28137600	0
28141200	0
28144800	0
28148400	0
28152000	0
28155600	0
28159200	0
28162800	0
28166400	0
28170000	0
28173600	0
28177200	0
28180800	0
28184400	0
28188000	0
28191600	0
28195200	0
28198800	0
28202400	47
28206000	55
28209600	57
28213200	131
28216800	0
28220400	0
28224000	0
28227600	0
28231200	0
28234800	0
28238400	0
28242000	0
28245600	0
28249200	0
28252800	0
28256400	0
28260000	0
28263600	0
28267200	0
28270800	0
28274400	0
28278000	0
28281600	0
28285200	17
28288800	39
28292400	55
28296000	57
28299600	267
28303200	124
28306800	0
28310400	0
28314000	0
28317600	0
28321200	0
28324800	0
28328400	0
28332000	0
28335600	0
28339200	0
28342800	0
28346400	0
28350000	0
28353600	0
28357200	0
28360800	0
28364400	0
28368000	0
28371600	118
28375200	100
28378800	186
28382400	67
28386000	131
28389600	15
28393200	0
28396800	0
28400400	0
28404000	0
28407600	0
28411200	0
28414800	0
28418400	0
28422000	0
28425600	0
28429200	0
28432800	0
28436400	0
28440000	0
28443600	0
28447200	0
28450800	0
28454400	0
28458000	0
28461600	146
28465200	0
28468800	0
28472400	0
28476000	14
28479600	0
28483200	0
28486800	0
28490400	0
28494000	0
28497600	0
28501200	0
28504800	0
28508400	0
28512000	0
28515600	0
28519200	0
28522800	0
28526400	0
28530000	0
28533600	0
28537200	0
28540800	0
28544400	0
28548000	0
28551600	64
28555200	0
28558800	0
28562400	0
28566000	0
28569600	0
28573200	0
28576800	0
28580400	0
28584000	0
28587600	0
28591200	0
28594800	0
28598400	0
28602000	0
28605600	0
28609200	0
28612800	0
28616400	0
28620000	0
28623600	0
28627200	0
28630800	0
28634400	0
28638000	0
28641600	1
28645200	0
28648800	0
28652400	0
28656000	0
28659600	0
28663200	0
28666800	0
28670400	0
28674000	0
28677600	0
28681200	0
28684800	0
28688400	0
28692000	0
28695600	0
28699200	0
28702800	0
28706400	0
28710000	0
28713600	0
28717200	0
28720800	0
28724400	0
28728000	0
28731600	52
28735200	8
28738800	0
28742400	0
28746000	0
28749600	0
28753200	0
28756800	0
28760400	0
28764000	0
28767600	0
28771200	0
28774800	0
28778400	0
28782000	0
28785600	0
28789200	0
28792800	0
28796400	0
28800000	0
28803600	5
28807200	0
28810800	0
28814400	56
28818000	309
28821600	206
28825200	0
28828800	0
28832400	0
28836000	0
28839600	0
28843200	0
28846800	0
28850400	0
28854000	0
28857600	0
28861200	0
28864800	0
28868400	0
28872000	0
28875600	0
28879200	0
28882800	0
28886400	0
28890000	42
28893600	0
28897200	337
28900800	539
28904400	151
28908000	279
28911600	0
28915200	0
28918800	0
28922400	0
28926000	0
28929600	0
28933200	0
28936800	0
28940400	0
28944000	0
28947600	0
28951200	0
28954800	0
28958400	0
28962000	0
28965600	0
28969200	0
28972800	0
28976400	0
28980000	0
28983600	2
28987200	3
28990800	0
28994400	0
28998000	0
29001600	0
29005200	0
29008800	0
29012400	0
29016000	0
29019600	0
29023200	0
29026800	0
29030400	0
29034000	0
29037600	0
29041200	0
29044800	0
29048400	0
29052000	0
29055600	0
29059200	0
29062800	0
29066400	0
29070000	0
29073600	0
29077200	0
29080800	0
29084400	0
29088000	0
29091600	0
29095200	0
29098800	0
29102400	0
29106000	0
29109600	0
29113200	0
29116800	0
29120400	0
29124000	0
29127600	0
29131200	0
29134800	0
29138400	0
29142000	0
29145600	0
29149200	0
29152800	0
29156400	3
29160000	4
29163600	0
29167200	0
29170800	0
29174400	0
29178000	0
29181600	0
29185200	0
29188800	0
29192400	0
29196000	0
29199600	0
29203200	0
29206800	0
29210400	0
29214000	0
29217600	0
29221200	0
29224800	0
29228400	0
29232000	0
29235600	0
29239200	0
29242800	0
29246400	0
29250000	0
29253600	0
29257200	0
29260800	0
29264400	0
29268000	0
29271600	0
29275200	0
29278800	0
29282400	0
29286000	0
29289600	0
29293200	0
29296800	0
29300400	0
29304000	0
29307600	0
29311200	0
29314800	0
29318400	0
29322000	0
29325600	0
29329200	0
29332800	0
29336400	0
29340000	0
29343600	0
29347200	0
29350800	0
29354400	0
29358000	0
29361600	0
29365200	0
29368800	0
29372400	0
29376000	0
29379600	0
29383200	0
29386800	0
29390400	0
29394000	0
29397600	0
29401200	0
29404800	0
29408400	30
29412000	339
29415600	336
29419200	192
29422800	375
29426400	256
29430000	0
29433600	0
29437200	0
29440800	0
29444400	0
29448000	0
29451600	0
29455200	0
29458800	0
29462400	0
29466000	0
29469600	0
29473200	0
29476800	0
29480400	0
29484000	0
29487600	0
29491200	0
29494800	45
29498400	359
29502000	532
29505600	23
29509200	0
29512800	0
29516400	0
29520000	0
29523600	0
29527200	0
29530800	0
29534400	0
29538000	0
29541600	0
29545200	0
29548800	0
29552400	0
29556000	0
29559600	0
29563200	0
29566800	0
29570400	0
29574000	0
29577600	0
29581200	8
29584800	256
29588400	2
29592000	4
29595600	0
29599200	0
29602800	0
29606400	0
29610000	0
29613600	0
29617200	0
29620800	0
29624400	0
29628000	0
29631600	0
29635200	0
29638800	0
29642400	0
29646000	0
29649600	0
29653200	0
29656800	0
29660400	0
29664000	0
29667600	0
29671200	0
29674800	0
29678400	0
29682000	0
29685600	0
29689200	0
29692800	0
29696400	0
29700000	0
29703600	0
29707200	0
29710800	0
29714400	0
29718000	0
29721600	0
29725200	0
29728800	0
29732400	0
29736000	0
29739600	0
29743200	0
29746800	0
29750400	0
29754000	178
29757600	408
29761200	520
29764800	495
29768400	442
29772000	279
29775600	0
29779200	0
29782800	0
29786400	0
29790000	0
29793600	0
29797200	0
29800800	0
29804400	0
29808000	0
29811600	0
29815200	0
29818800	0
29822400	0
29826000	0
29829600	0
29833200	0
29836800	0
29840400	139
29844000	303
29847600	427
29851200	189
29854800	272
29858400	228
29862000	0
29865600	0
29869200	0
29872800	0
29876400	0
29880000	0
29883600	0
29887200	0
29890800	0
29894400	0
29898000	0
29901600	0
29905200	0
29908800	0
29912400	0
29916000	0
29919600	0
29923200	0
29926800	0
29930400	0
29934000	0
29937600	0
29941200	0
29944800	0
29948400	0
29952000	0
29955600	0
29959200	0
29962800	0
29966400	0
29970000	0
29973600	0
29977200	0
29980800	0
29984400	0
29988000	0
29991600	0
29995200	0
29998800	0
30002400	0
30006000	0
30009600	0
30013200	0
30016800	0
30020400	2
30024000	3
30027600	0
30031200	0
30034800	0
30038400	0
30042000	0
30045600	0
30049200	0
30052800	0
30056400	0
30060000	0
30063600	0
30067200	0
30070800	0
30074400	0
30078000	0
30081600	0
30085200	0
30088800	0
30092400	0
30096000	0
30099600	0
30103200	0
30106800	0
30110400	0
30114000	0
30117600	0
30121200	0
30124800	0
30128400	0
30132000	0
30135600	0
30139200	0
30142800	0
30146400	0
30150000	0
30153600	0
30157200	0
30160800	0
30164400	0
30168000	0
30171600	0
30175200	0
30178800	0
30182400	0
30186000	0
30189600	0
30193200	0
30196800	0
30200400	0
30204000	0
30207600	0
30211200	0
30214800	0
30218400	0
30222000	0
30225600	0
30229200	0
30232800	0
30236400	0
30240000	0
30243600	0
30247200	0
30250800	0
30254400	0
30258000	0
30261600	0
30265200	0
30268800	0
30272400	0
30276000	0
30279600	0
30283200	0
30286800	0
30290400	0
30294000	0
30297600	0
30301200	0
30304800	0
30308400	0
30312000	0
30315600	0
30319200	0
30322800	0
30326400	0
30330000	0
30333600	0
30337200	0
30340800	0
30344400	0
30348000	0
30351600	0
30355200	0
30358800	0
30362400	0
30366000	0
30369600	0
30373200	0
30376800	0
30380400	0
30384000	0
30387600	0
30391200	0
30394800	0
30398400	0
30402000	0
30405600	0
30409200	0
30412800	0
30416400	0
30420000	0
30423600	0
30427200	0
30430800	0
30434400	0
30438000	0
30441600	0
30445200	0
30448800	0
30452400	0
30456000	0
30459600	0
30463200	0
30466800	0
30470400	0
30474000	0
30477600	0
30481200	0
30484800	0
30488400	0
30492000	0
30495600	0
30499200	0
30502800	0
30506400	0
30510000	0
30513600	0
30517200	0
30520800	0
30524400	0
30528000	0
30531600	0
30535200	0
30538800	0
30542400	0
30546000	0
30549600	0
30553200	0
30556800	0
30560400	0
30564000	0
30567600	0
30571200	0
30574800	0
30578400	0
30582000	0
30585600	0
30589200	0
30592800	0
30596400	0
30600000	0
30603600	0
30607200	0
30610800	0
30614400	0
30618000	0
30621600	0
30625200	0
30628800	0
30632400	0
30636000	0
30639600	0
30643200	0
30646800	0
30650400	0
30654000	0
30657600	0
30661200	0
30664800	0
30668400	0
30672000	0
30675600	0
30679200	0
30682800	0
30686400	0
30690000	0
30693600	0
30697200	0
30700800	0
30704400	0
30708000	166
30711600	363
30715200	415
30718800	319
30722400	219
30726000	0
30729600	0
30733200	0
30736800	0
30740400	0
30744000	0
30747600	0
30751200	0
30754800	0
30758400	0
30762000	0
30765600	0
30769200	0
30772800	0
30776400	0
30780000	0
30783600	0
30787200	0
30790800	0
30794400	0
30798000	0
30801600	0
30805200	0
30808800	0
30812400	0
30816000	0
30819600	0
30823200	0
30826800	0
30830400	0
30834000	0
30837600	0
30841200	0
30844800	0
30848400	0
30852000	0
30855600	0
30859200	0
30862800	0
30866400	0
30870000	0
30873600	0
30877200	0
30880800	0
30884400	0
30888000	2
30891600	0
30895200	0
30898800	0
30902400	0
30906000	0
30909600	0
30913200	0
30916800	0
30920400	0
30924000	0
30927600	0
30931200	0
30934800	0
30938400	0
30942000	0
30945600	0
30949200	0
30952800	0
30956400	0
30960000	0
30963600	0
30967200	0
30970800	0
30974400	1
30978000	0
30981600	0
30985200	0
30988800	0
30992400	0
30996000	0
30999600	0
31003200	0
31006800	0
31010400	0
31014000	0
31017600	0
31021200	0
31024800	0
31028400	0
31032000	0
31035600	0
31039200	0
31042800	0
31046400	0
31050000	0
31053600	96
31057200	61
31060800	1
31064400	0
31068000	0
31071600	0
31075200	0
31078800	0
31082400	0
31086000	0
31089600	0
31093200	0
31096800	0
31100400	0
31104000	0
31107600	0
31111200	0
31114800	0
31118400	0
31122000	0
31125600	0
31129200	0
31132800	0
31136400	0
31140000	0
31143600	0
31147200	0
31150800	0
31154400	0
31158000	0
31161600	0
31165200	0
31168800	0
31172400	0
31176000	0
31179600	0
31183200	0
31186800	0
31190400	0
31194000	0
31197600	0
31201200	0
31204800	0
31208400	0
31212000	0
31215600	0
31219200	0
31222800	0
31226400	0
31230000	0
31233600	0
31237200	0
31240800	0
31244400	0
31248000	0
31251600	0
31255200	0
31258800	0
31262400	0
31266000	0
31269600	0
31273200	0
31276800	0
31280400	0
31284000	0
31287600	0
31291200	0
31294800	0
31298400	0
31302000	0
31305600	0
31309200	0
31312800	0
31316400	0
31320000	0
31323600	0
31327200	0
31330800	0
31334400	0
31338000	0
31341600	0
31345200	0
31348800	0
31352400	0
31356000	0
31359600	0
31363200	0
31366800	0
31370400	0
31374000	0
31377600	0
31381200	0
31384800	0
31388400	0
31392000	0
31395600	50
31399200	94
31402800	161
31406400	0
31410000	170
31413600	0
31417200	0
31420800	0
31424400	0
31428000	0
31431600	0
31435200	0
31438800	0
31442400	0
31446000	0
31449600	0
31453200	0
31456800	0
31460400	0
31464000	0
31467600	0
31471200	0
31474800	0
31478400	0
31482000	0
31485600	0
31489200	0
31492800	1
31496400	0
31500000	186
31503600	0
31507200	0
31510800	0
31514400	0
31518000	0
31521600	0
31525200	0
31528800	0
31532400	0
	
	
