#1
double	default(366,2) #Please don't delete - RP
0	9.534556
86400	8.832516
172800	7.294577
259200	6.706862
345600	6.60477
432000	5.740621
518400	6.033485
604800	6.231929
691200	5.946264
777600	6.049586
864000	6.981301
950400	7.081034
1036800	5.628307
1123200	5.1264
1209600	4.419855
1296000	3.938986
1382400	3.66097
1468800	2.678489
1555200	3.940246
1641600	3.084319
1728000	3.510274
1814400	3.980361
1900800	2.694615
1987200	2.607848
2073600	0.653037
2160000	0.1341385
2246400	-0.2909591
2332800	-0.8900255
2419200	-2.372736
2505600	-3.342567
2592000	-4.696244
2678400	-4.831343
2764800	-6.19186
2851200	-6.124617
2937600	-8.050015
3024000	-9.604218
3110400	-10.57412
3196800	-8.654292
3283200	-5.635984
3369600	-4.714601
3456000	-4.887711
3542400	-4.159501
3628800	-3.866348
3715200	-2.409701
3801600	-0.5502543
3888000	1.231332
3974400	0.9662756
4060800	2.865799
4147200	3.942258
4233600	3.13225
4320000	2.599722
4406400	3.257634
4492800	4.613045
4579200	6.277343
4665600	7.37776
4752000	6.199245
4838400	5.545256
4924800	4.655918
5011200	6.564078
5097600	7.069492
5184000	7.373745
5270400	6.23581
5356800	6.094373
5443200	5.889308
5529600	5.342048
5616000	4.459854
5702400	4.014437
5788800	4.916217
5875200	5.572037
5961600	6.963075
6048000	7.090438
6134400	7.177424
6220800	7.642818
6307200	7.647266
6393600	7.379963
6480000	7.80532
6566400	7.476718
6652800	7.904277
6739200	7.31396
6825600	8.036599
6912000	9.328288
6998400	9.011021
7084800	9.827275
7171200	9.409094
7257600	9.269232
7344000	8.027956
7430400	9.422813
7516800	10.10984
7603200	8.916463
7689600	8.583119
7776000	7.343242
7862400	6.311554
7948800	6.031497
8035200	4.411742
8121600	4.344874
8208000	4.59484
8294400	4.202156
8380800	3.829731
8467200	3.794446
8553600	4.983231
8640000	7.48596
8726400	7.835748
8812800	7.454221
8899200	7.475628
8985600	7.787949
9072000	7.812322
9158400	6.661101
9244800	6.645073
9331200	7.712109
9417600	9.254775
9504000	9.534357
9590400	9.090195
9676800	7.958655
9763200	8.405082
9849600	8.613178
9936000	9.690402
1.00224e+07	11.25979
1.01088e+07	12.33683
1.01952e+07	12.17975
1.02816e+07	12.71543
1.0368e+07	13.94278
1.04544e+07	13.70172
1.05408e+07	13.44605
1.06272e+07	13.67744
1.07136e+07	13.26652
1.08e+07	11.65031
1.08864e+07	10.16455
1.09728e+07	8.662112
1.10592e+07	11.32119
1.11456e+07	13.58848
1.1232e+07	15.02856
1.13184e+07	15.73427
1.14048e+07	12.13488
1.14912e+07	11.42788
1.15776e+07	11.53426
1.1664e+07	10.61491
1.17504e+07	9.66653
1.18368e+07	9.189141
1.19232e+07	11.30202
1.20096e+07	13.49978
1.2096e+07	15.7854
1.21824e+07	17.66707
1.22688e+07	18.75727
1.23552e+07	18.5083
1.24416e+07	18.34818
1.2528e+07	18.06678
1.26144e+07	18.23784
1.27008e+07	18.15154
1.27872e+07	18.32329
1.28736e+07	16.78228
1.296e+07	15.09629
1.30464e+07	14.54736
1.31328e+07	13.15007
1.32192e+07	12.04128
1.33056e+07	11.42207
1.3392e+07	11.29523
1.34784e+07	11.18573
1.35648e+07	10.79719
1.36512e+07	13.48807
1.37376e+07	14.82513
1.3824e+07	14.18102
1.39104e+07	14.42915
1.39968e+07	14.78967
1.40832e+07	14.66148
1.41696e+07	14.01224
1.4256e+07	13.85321
1.43424e+07	14.85206
1.44288e+07	15.61314
1.45152e+07	15.92998
1.46016e+07	16.41703
1.4688e+07	16.10528
1.47744e+07	16.86551
1.48608e+07	17.67548
1.49472e+07	17.63153
1.50336e+07	17.17669
1.512e+07	15.52866
1.52064e+07	15.07474
1.52928e+07	14.55217
1.53792e+07	14.23839
1.54656e+07	16.6923
1.5552e+07	18.89838
1.56384e+07	19.36378
1.57248e+07	18.6611
1.58112e+07	17.63905
1.58976e+07	18.04064
1.5984e+07	18.82857
1.60704e+07	18.99399
1.61568e+07	19.40886
1.62432e+07	18.96291
1.63296e+07	19.07173
1.6416e+07	18.39184
1.65024e+07	18.48511
1.65888e+07	17.53077
1.66752e+07	16.22259
1.67616e+07	15.77199
1.6848e+07	15.95644
1.69344e+07	15.57503
1.70208e+07	15.35613
1.71072e+07	16.01881
1.71936e+07	16.14649
1.728e+07	15.47932
1.73664e+07	15.17421
1.74528e+07	15.16196
1.75392e+07	15.59752
1.76256e+07	17.34397
1.7712e+07	19.02932
1.77984e+07	20.76397
1.78848e+07	21.28917
1.79712e+07	22.16937
1.80576e+07	20.52556
1.8144e+07	18.74472
1.82304e+07	17.00791
1.83168e+07	16.51162
1.84032e+07	18.29011
1.84896e+07	19.58744
1.8576e+07	18.63081
1.86624e+07	18.35734
1.87488e+07	18.52002
1.88352e+07	18.36268
1.89216e+07	17.6001
1.9008e+07	17.47004
1.90944e+07	16.8658
1.91808e+07	16.50487
1.92672e+07	16.93037
1.93536e+07	16.93488
1.944e+07	17.24857
1.95264e+07	17.88606
1.96128e+07	18.10031
1.96992e+07	17.7178
1.97856e+07	18.86518
1.9872e+07	20.74504
1.99584e+07	23.08591
2.00448e+07	22.88623
2.01312e+07	21.42357
2.02176e+07	20.38104
2.0304e+07	19.08052
2.03904e+07	17.40356
2.04768e+07	17.74548
2.05632e+07	17.07422
2.06496e+07	17.04864
2.0736e+07	17.32763
2.08224e+07	18.06609
2.09088e+07	17.95837
2.09952e+07	16.65249
2.10816e+07	15.53381
2.1168e+07	15.59315
2.12544e+07	16.2316
2.13408e+07	16.66429
2.14272e+07	16.42771
2.15136e+07	15.7367
2.16e+07	15.91732
2.16864e+07	16.52395
2.17728e+07	17.81519
2.18592e+07	18.94542
2.19456e+07	17.55724
2.2032e+07	15.18072
2.21184e+07	13.74547
2.22048e+07	13.60476
2.22912e+07	14.19608
2.23776e+07	14.71272
2.2464e+07	14.83903
2.25504e+07	14.6057
2.26368e+07	12.74681
2.27232e+07	11.94636
2.28096e+07	12.01981
2.2896e+07	11.20257
2.29824e+07	10.96704
2.30688e+07	11.21271
2.31552e+07	11.88658
2.32416e+07	11.67626
2.3328e+07	11.96351
2.34144e+07	12.21622
2.35008e+07	12.12374
2.35872e+07	12.13914
2.36736e+07	11.73076
2.376e+07	12.70728
2.38464e+07	13.03426
2.39328e+07	11.5575
2.40192e+07	11.51531
2.41056e+07	11.00204
2.4192e+07	10.57226
2.42784e+07	10.2447
2.43648e+07	9.608505
2.44512e+07	9.611115
2.45376e+07	9.353758
2.4624e+07	8.81813
2.47104e+07	9.490624
2.47968e+07	8.885803
2.48832e+07	8.571245
2.49696e+07	8.689424
2.5056e+07	9.63069
2.51424e+07	11.9819
2.52288e+07	13.02965
2.53152e+07	13.72627
2.54016e+07	14.00371
2.5488e+07	13.52728
2.55744e+07	12.84532
2.56608e+07	12.18044
2.57472e+07	10.8617
2.58336e+07	7.044491
2.592e+07	5.326747
2.60064e+07	4.498015
2.60928e+07	4.183999
2.61792e+07	5.134409
2.62656e+07	5.11523
2.6352e+07	5.304878
2.64384e+07	6.009395
2.65248e+07	6.077117
2.66112e+07	6.351323
2.66976e+07	6.522598
2.6784e+07	6.321955
2.68704e+07	8.0509
2.69568e+07	8.358476
2.70432e+07	8.52956
2.71296e+07	8.177573
2.7216e+07	9.374477
2.73024e+07	9.37104
2.73888e+07	8.261695
2.74752e+07	6.717972
2.75616e+07	4.818032
2.7648e+07	2.779718
2.77344e+07	2.220984
2.78208e+07	3.99521
2.79072e+07	4.003693
2.79936e+07	5.052848
2.808e+07	4.896124
2.81664e+07	6.332657
2.82528e+07	5.39366
2.83392e+07	4.623015
2.84256e+07	6.557399
2.8512e+07	6.67574
2.85984e+07	6.751521
2.86848e+07	5.648802
2.87712e+07	4.740604
2.88576e+07	3.23107
2.8944e+07	3.393595
2.90304e+07	2.380325
2.91168e+07	1.355905
2.92032e+07	2.66875
2.92896e+07	-0.0517125
2.9376e+07	-1.137472
2.94624e+07	-2.403453
2.95488e+07	-3.720989
2.96352e+07	-1.095785
2.97216e+07	-0.6614317
2.9808e+07	-1.775895
2.98944e+07	-2.897675
2.99808e+07	-2.310595
3.00672e+07	-2.465982
3.01536e+07	0.6375065
3.024e+07	2.018176
3.03264e+07	2.668106
3.04128e+07	2.841655
3.04992e+07	2.765916
3.05856e+07	2.301835
3.0672e+07	0.7474373
3.07584e+07	-0.6292846
3.08448e+07	0.3273733
3.09312e+07	3.679389
3.10176e+07	4.992323
3.1104e+07	5.584307
3.11904e+07	5.6472
3.12768e+07	2.451214
3.13632e+07	5.894524
3.14496e+07	6.048778
3.1536e+07	7.224279
