#1
# [1] H. Gadd and S. Werner, 'Heat load patterns in district heating substations,' Appl. Energy, vol. 108, pp. 176–183, 2013. Source: Gadd2013a
# See also: \\transientee-sources\matlab\pd\Grundlagen\Verbraucherdaten\Fernwärme\DecemberDailyPattern.m
double	default(672,2)
0	1.109087
900	1.095376
1800	1.081665
2700	1.067955
3600	1.054244
4500	1.049994
5400	1.053127
6300	1.069885
7200	1.086642
8100	1.1034
9000	1.123536
9900	1.151828
10800	1.18012
11700	1.198162
12600	1.204256
13500	1.21035
14400	1.216443
15300	1.215374
16200	1.204295
17100	1.193215
18000	1.182136
18900	1.171056
19800	1.13875
20700	1.105743
21600	1.084417
22500	1.072992
23400	1.093219
24300	1.11607
25200	1.138921
26100	1.161772
27000	1.181428
27900	1.158577
28800	1.135726
29700	1.121973
30600	1.113267
31500	1.104562
32400	1.035113
33300	1.023688
34200	1.018017
35100	1.021532
36000	1.025048
36900	1.028564
37800	1.032079
38700	1.032933
39600	1.015523
40500	0.9981124
41400	0.9816466
42300	0.9674281
43200	0.9532096
44100	0.9389912
45000	0.9247727
45900	0.9105542
46800	0.8965393
47700	0.8832094
48600	0.8698795
49500	0.8565497
50400	0.8529691
51300	0.8494535
52200	0.8459379
53100	0.8424224
54000	0.8389068
54900	0.8400134
55800	0.8427833
56700	0.8455531
57600	0.848323
58500	0.8559701
59400	0.8757744
60300	0.8955787
61200	0.915383
62100	0.9300656
63000	0.9286807
63900	0.9272958
64800	0.9259109
65700	0.924526
66600	0.932289
67500	0.9424451
68400	0.9526011
69300	0.9627572
70200	0.9729133
71100	0.9935609
72000	1.014889
72900	1.038777
73800	1.062898
74700	1.087018
75600	1.111139
76500	1.132243
77400	1.108699
78300	1.085156
79200	1.061612
80100	1.038068
81000	1.026312
81900	1.02196
82800	1.017607
83700	1.021881
84600	1.028546
85500	1.035211
86400	1.041876
87300	1.048541
88200	1.055206
89100	1.066915
90000	1.089766
90900	1.112617
91800	1.133555
92700	1.131211
93600	1.128868
94500	1.126524
95400	1.12418
96300	1.121836
97200	1.126861
98100	1.133526
99000	1.140191
99900	1.146856
100800	1.153521
101700	1.160186
102600	1.163032
103500	1.15868
104400	1.154327
105300	1.149975
106200	1.144186
107100	1.125436
108000	1.106686
108900	1.099154
109800	1.104232
110700	1.10931
111600	1.114388
112500	1.11651
113400	1.108385
114300	1.10026
115200	1.092135
116100	1.08401
117000	1.075885
117900	1.06776
118800	1.059636
119700	1.051511
120600	1.043386
121500	1.035261
122400	1.027136
123300	1.020705
124200	1.031368
125100	1.042032
126000	1.052696
126900	1.061488
127800	1.03102
128700	1.000552
129600	0.9700834
130500	0.9453158
131400	0.9429104
132300	0.940505
133200	0.9380997
134100	0.9426363
135000	0.959474
135900	0.9763118
136800	0.9931495
137700	0.9933615
138600	0.9781274
139500	0.9628933
140400	0.9476592
141300	0.9529835
142200	0.9611579
143100	0.9693323
144000	0.9775067
144900	0.9856811
145800	0.9938555
146700	1.00203
147600	1.010204
148500	1.009519
149400	1.002594
150300	0.9956694
151200	0.9887448
152100	0.985247
153000	1.003201
153900	1.021156
154800	1.03911
155700	1.057065
156600	1.075019
157500	1.085781
158400	1.088602
159300	1.091423
160200	1.094245
161100	1.097066
162000	1.099739
162900	1.092757
163800	1.085774
164700	1.078792
165600	1.07181
166500	1.06738
167400	1.0762
168300	1.08502
169200	1.093839
170100	1.09012
171000	1.059652
171900	1.029183
172800	0.9987151
173700	0.9789129
174600	0.9872916
175500	0.9956703
176400	1.004049
177300	1.01066
178200	1.011353
179100	1.012045
180000	1.012738
180900	1.01343
181800	1.027356
182700	1.044996
183600	1.062635
184500	1.080275
185400	1.081359
186300	1.081359
187200	1.081359
188100	1.081359
189000	1.081359
189900	1.085679
190800	1.092027
191700	1.092694
192600	1.076658
193500	1.060622
194400	1.044586
195300	1.037654
196200	1.043748
197100	1.049842
198000	1.055935
198900	1.058304
199800	1.054241
200700	1.050179
201600	1.046117
202500	1.042054
203400	1.037992
204300	1.033929
205200	1.029867
206100	1.025804
207000	1.022512
207900	1.02134
208800	1.020168
209700	1.02101
210600	1.022997
211500	1.024984
212400	1.026971
213300	1.028958
214200	0.9964363
215100	0.963429
216000	0.9304218
216900	0.9060796
217800	0.8981163
218700	0.890153
219600	0.8821897
220500	0.8742265
221400	0.8662632
222300	0.8582999
223200	0.8503366
224100	0.8423733
225000	0.8373369
225900	0.8359087
226800	0.8344805
227700	0.8330523
228600	0.8316241
229500	0.8301959
230400	0.8287677
231300	0.8324531
232200	0.8362617
233100	0.8400702
234000	0.8438788
234900	0.8475148
235800	0.8499201
236700	0.8523255
237600	0.8547309
238500	0.8609609
239400	0.8769968
240300	0.8930327
241200	0.9090686
242100	0.9251045
243000	0.9411404
243900	0.9571763
244800	0.9732122
245700	0.9892481
246600	1.005284
247500	1.02132
248400	1.037356
249300	1.040787
250200	1.040095
251100	1.039402
252000	1.03871
252900	1.029442
253800	1.000577
254700	0.9717128
255600	0.9428483
256500	0.9343581
257400	0.9495922
258300	0.9648264
259200	0.9800605
260100	0.9952947
261000	1.010529
261900	1.029375
262800	1.053749
263700	1.078124
264600	1.097471
265500	1.107944
266400	1.118418
267300	1.126749
268200	1.12022
269100	1.113691
270000	1.107162
270900	1.100633
271800	1.104779
272700	1.110391
273600	1.116004
274500	1.12106
275400	1.111538
276300	1.102017
277200	1.092496
278100	1.090132
279000	1.089547
279900	1.088961
280800	1.088375
281700	1.087789
282600	1.07673
283500	1.056859
284400	1.036989
285300	1.017118
286200	0.9972474
287100	0.9941915
288000	0.9931759
288900	0.9921602
289800	0.9971016
290700	1.003026
291600	1.00895
292500	1.012058
293400	1.005076
294300	0.9980939
295200	0.9911116
296100	0.9841293
297000	0.9796932
297900	0.9796932
298800	0.9796932
299700	0.963565
300600	0.9416429
301500	0.9197207
302400	0.8977985
303300	0.8758763
304200	0.8539542
305100	0.832032
306000	0.8101098
306900	0.8021559
307800	0.8116772
308700	0.8211985
309600	0.8307198
310500	0.8402411
311400	0.8427537
312300	0.84041
313200	0.8380663
314100	0.8190166
315000	0.7993019
315900	0.7795871
316800	0.7752632
317700	0.784931
318600	0.7945988
319500	0.8042666
320400	0.8139344
321300	0.8236022
322200	0.83327
323100	0.8429378
324000	0.8526056
324900	0.8622734
325800	0.8719849
326700	0.8872189
327600	0.902453
328500	0.917687
329400	0.9329211
330300	0.9481552
331200	0.9633892
332100	0.9791011
333000	0.994843
333900	1.010585
334800	1.026327
335700	1.042069
336600	1.057811
337500	1.066451
338400	1.074068
339300	1.081685
340200	1.071893
341100	1.052236
342000	1.032579
342900	1.012922
343800	0.993265
344700	0.9736081
345600	0.9668328
346500	0.9820669
347400	0.997301
348300	1.012535
349200	1.027769
350100	1.043003
351000	1.058237
351900	1.073472
352800	1.088706
353700	1.092051
354600	1.089627
355500	1.087204
356400	1.08478
357300	1.082356
358200	1.079933
359100	1.077509
360000	1.075086
360900	1.072662
361800	1.062604
362700	1.050332
363600	1.03806
364500	1.025789
365400	1.013517
366300	1.001245
367200	0.9889728
368100	0.9921978
369000	1.01124
369900	1.030283
370800	1.049326
371700	1.060092
372600	1.060754
373500	1.061417
374400	1.062079
375300	1.062742
376200	1.054181
377100	1.043299
378000	1.032418
378900	1.039438
379800	1.047055
380700	1.054672
381600	1.062289
382500	1.055119
383400	1.034226
384300	1.013334
385200	0.9924414
386100	0.9715489
387000	0.9506564
387900	0.9297639
388800	0.91758
389700	0.9164516
390600	0.9153231
391500	0.9141947
392400	0.9130662
393300	0.9119378
394200	0.893993
395100	0.8757121
396000	0.8574312
396900	0.8391503
397800	0.8379765
398700	0.8379765
399600	0.8379765
400500	0.8379765
401400	0.8379765
402300	0.8379765
403200	0.8379765
404100	0.8451094
405000	0.8559909
405900	0.8668724
406800	0.8777539
407700	0.8776351
408600	0.8615992
409500	0.8455632
410400	0.8295273
411300	0.8369512
412200	0.8623413
413100	0.8877314
414000	0.9131216
414900	0.9385117
415800	0.9392893
416700	0.9301489
417600	0.9210084
418500	0.9359524
419400	0.9622658
420300	0.9885792
421200	1.014893
422100	1.030276
423000	1.009117
423900	0.9879587
424800	0.9668001
425700	0.9646003
426600	0.9755688
427500	0.9865374
428400	0.9975059
429300	1.008474
430200	1.014834
431100	1.017178
432000	1.019522
432900	1.021865
433800	1.024209
434700	1.023872
435600	1.016518
436500	1.009164
437400	1.001809
438300	0.9944549
439200	0.9871005
440100	0.9866069
441000	0.9959166
441900	1.005226
442800	1.014536
443700	1.007782
444600	0.9962716
445500	0.9847614
446400	0.9732512
447300	0.961741
448200	0.9502308
449100	0.9387206
450000	0.9272104
450900	0.9157002
451800	0.9221408
452700	0.9373749
453600	0.952609
454500	0.967843
455400	0.9830771
456300	0.9983112
457200	1.013545
458100	1.028779
459000	1.044013
459900	1.059247
460800	1.069399
461700	1.070415
462600	1.071431
463500	1.072446
464400	1.073462
465300	1.074477
466200	1.072464
467100	1.063055
468000	1.053645
468900	1.044236
469800	1.034827
470700	1.025418
471600	1.016008
472500	1.010501
473400	1.010501
474300	1.010501
475200	1.010501
476100	1.010501
477000	0.9890837
477900	0.9294173
478800	0.8697509
479700	0.8674078
480600	0.8692359
481500	0.871064
482400	0.8728921
483300	0.8747202
484200	0.8860723
485100	0.8987675
486000	0.9114626
486900	0.921158
487800	0.921158
488700	0.921158
489600	0.9355139
490500	0.9591531
491400	0.9827923
492300	1.006432
493200	1.030071
494100	1.05371
495000	1.069776
495900	1.083218
496800	1.09666
497700	1.099275
498600	1.077186
499500	1.055096
500400	1.033007
501300	1.021726
502200	1.041192
503100	1.060657
504000	1.080123
504900	1.08516
505800	1.081351
506700	1.077543
507600	1.073734
508500	1.069926
509400	1.066117
510300	1.062309
511200	1.0585
512100	1.057564
513000	1.059168
513900	1.060771
514800	1.062375
515700	1.055506
516600	1.044801
517500	1.034096
518400	1.023391
519300	1.012685
520200	1.00198
521100	0.9912754
522000	0.9845162
522900	0.9929796
523800	1.001443
524700	1.009906
525600	1.01837
526500	1.026833
527400	1.035296
528300	1.04376
529200	1.040865
530100	1.037056
531000	1.033248
531900	1.029439
532800	1.025631
533700	1.022642
534600	1.02195
535500	1.021257
536400	1.020565
537300	1.019872
538200	0.9895168
539100	0.952383
540000	0.9152492
540900	0.9027965
541800	0.9083361
542700	0.9138758
543600	0.9194154
544500	0.9300318
545400	0.9748376
546300	1.019643
547200	1.064449
548100	1.078279
549000	1.078279
549900	1.078279
550800	1.078279
551700	1.070048
552600	1.060353
553500	1.050659
554400	1.040964
555300	1.037179
556200	1.042257
557100	1.047335
558000	1.052413
558900	1.03627
559800	1.013419
560700	0.9905678
561600	0.9677167
562500	0.9448656
563400	0.9220145
564300	0.8991634
565200	0.8763122
566100	0.8697132
567000	0.8710981
567900	0.872483
568800	0.8738679
569700	0.872054
570600	0.858996
571500	0.8459381
572400	0.8328801
573300	0.8198221
574200	0.8288699
575100	0.8384914
576000	0.8481129
576900	0.8581295
577800	0.8707371
578700	0.8833446
579600	0.8959522
580500	0.9085598
581400	0.9211673
582300	0.9331187
583200	0.9432747
584100	0.9534308
585000	0.9635868
585900	0.9737428
586800	0.9838988
587700	1.002628
588600	1.023401
589500	1.044175
590400	1.064949
591300	1.077975
592200	1.077129
593100	1.076283
594000	1.075436
594900	1.079027
595800	1.084359
596700	1.089691
597600	1.095023
598500	1.08277
599400	1.061996
600300	1.041223
601200	1.020449
602100	0.9996751
603000	0.9789013
603900	0.9581276
