#1	
double	default(24, 2) # Q flow abweichung , from Band 5, figure 28 and 26 and heat production equation. Source: Klopsch2007
3600 0.838891536745361
7200 0.794545819739074
10800 0.816077837927821
14400 0.805740977207999
18000 0.852452327387959
21600 0.848588874394747
25200 0.888266917424896
28800 0.887242015621016
32400 0.913342206453618
36000 0.824777097453633
39600 0.889291722443078
43200 0.933491501905229
46800 1.06187607792353
50400 1.105455199693
54000 1.16540461138833
57600 1.12219980828146
61200 1.1529131254192
64800 1.21853843509596
68400 1.2356329197017
72000 1.23039990320603
75600 1.11951881445897
79200 1.01620802653728
82800 0.923508333501399
86400 0.838891536745361